5 0.7515625 0.3187500000000001 0.6859375 0.3187500000000001 0.6859375 0.3500000000000001 0.7515625 0.3500000000000001
0 0.7359375 0.4484375000000001 0.6859375 0.4484375 0.6859375 0.4796875000000001 0.7359375 0.47968750000000016
32 0.7734375 0.4203125000000001 0.721875 0.4203125 0.721875 0.4484375000000001 0.7734375 0.44843750000000016
26 0.784375 0.6031250000000001 0.7453125 0.6031250000000001 0.7453125 0.6281250000000002 0.784375 0.6281250000000002
24 0.7765625 0.5421875 0.7234375 0.5421875 0.7234375 0.5687500000000001 0.7765625 0.5687500000000002
9 0.8015625 0.5703125000000002 0.7703125 0.5703125000000002 0.7703125 0.5859375000000002 0.8015625 0.5859375000000002
30 0.796875 0.5015625000000001 0.7515625 0.5015625000000001 0.7515625 0.5250000000000001 0.796875 0.5250000000000001
38 0.55625 0.5453125 0.5 0.5453125 0.5 0.5875 0.55625 0.5875
34 0.615625 0.4921875 0.553125 0.4921875 0.553125 0.5328125 0.615625 0.5328125
7 0.5140625 0.6203125 0.4703125 0.6203125 0.4703125 0.6546875 0.5140625 0.6546875
37 0.565625 0.715625 0.515625 0.715625 0.5156250000000001 0.7484375 0.5656250000000002 0.7484375
13 0.634375 0.6640625 0.571875 0.6640625 0.571875 0.6953125 0.634375 0.6953125
21 0.6343750000000001 0.7828125 0.5828125000000002 0.7828125 0.5828125000000002 0.8140625 0.6343750000000001 0.8140625
8 0.6593750000000002 0.74375 0.6171875000000002 0.74375 0.6171875000000002 0.7765625 0.6593750000000002 0.7765625
6 0.6984375 0.696875 0.6484375 0.696875 0.6484375 0.7234375 0.6984375 0.7234375
14 0.6750000000000002 0.8171875 0.6250000000000002 0.8171875 0.6250000000000002 0.8515625 0.6750000000000002 0.8515625
17 0.7000000000000002 0.778125 0.6531250000000002 0.778125 0.6531250000000002 0.809375 0.7000000000000002 0.809375
16 0.7171875000000002 0.74375 0.6734375000000001 0.74375 0.6734375000000001 0.771875 0.7171875000000002 0.771875
35 0.3859375000000001 0.9546875 0.3187500000000001 0.9546875 0.3187500000000001 0.9984375 0.3859375000000001 0.9984375
29 0.47187500000000016 0.971875 0.42187500000000017 0.971875 0.42187500000000017 1 0.47187500000000016 1
36 0.5250000000000001 0.921875 0.4671875000000002 0.921875 0.4671875000000002 0.95 0.5250000000000001 0.95
10 0.4390625000000002 0.8953125 0.3687500000000001 0.8953125 0.3687500000000001 0.9359375 0.4390625000000002 0.9359375
1 0.33281250000000007 0.8578125 0.2562500000000001 0.8578125 0.2562500000000001 0.903125 0.33281250000000007 0.903125
12 0.2312500000000001 0.91875 0.15000000000000013 0.91875 0.15000000000000013 0.965625 0.2312500000000001 0.965625
15 0.1375000000000001 0.7921875 0.0437500000000001 0.7921875 0.04375000000000011 0.8640625 0.1375000000000001 0.8640625