33 0.3265625000000001 0.378125 0.2484375000000001 0.378125 0.2484375000000001 0.4125 0.3265625000000001 0.4125
0 0.3078125000000001 0.446875 0.2312500000000001 0.446875 0.2312500000000001 0.478125 0.3078125000000001 0.478125
32 0.27812500000000007 0.4140625 0.2218750000000001 0.4140625 0.2218750000000001 0.446875 0.27812500000000007 0.446875
30 0.2515625000000001 0.4984375 0.18750000000000006 0.4984375 0.18750000000000006 0.5265625 0.2515625000000001 0.5265625
26 0.27031250000000007 0.6 0.20312500000000008 0.6 0.20312500000000008 0.6328125 0.27031250000000007 0.6328125
9 0.2515625000000001 0.565625 0.2015625000000001 0.565625 0.2015625000000001 0.6015625 0.2515625000000001 0.6015625
21 0.41406250000000017 0.78125 0.3546875000000001 0.78125 0.3546875000000001 0.81875 0.41406250000000017 0.81875
8 0.3890625000000001 0.7390625 0.3296875000000001 0.7390625 0.3296875000000001 0.7765625 0.3890625000000001 0.7765625
16 0.3312500000000001 0.740625 0.27812500000000007 0.740625 0.27812500000000007 0.7625 0.3312500000000001 0.7625
6 0.3578125000000001 0.69375 0.2734375000000001 0.69375 0.2734375000000001 0.7234375 0.3578125000000001 0.7234375
14 0.37187500000000007 0.81875 0.3234375000000001 0.81875 0.3234375000000001 0.853125 0.37187500000000007 0.853125
17 0.3531250000000001 0.7796875 0.2968750000000001 0.7796875 0.2968750000000001 0.8109375 0.3531250000000001 0.8109375
1 0.7421875000000002 0.85625 0.6515625000000002 0.85625 0.6515625000000002 0.9078125 0.7421875000000002 0.9078125
12 0.8453125 0.925 0.7781250000000002 0.925 0.7781250000000002 0.971875 0.8453125 0.971875
35 0.6875000000000002 0.95625 0.6093750000000002 0.95625 0.6093750000000002 0.984375 0.6875000000000002 0.984375
29 0.5687500000000002 0.96875 0.4937500000000002 0.96875 0.4937500000000002 0.9953125 0.5687500000000002 0.9953125
36 0.5218750000000002 0.9171875 0.4593750000000002 0.9171875 0.4593750000000002 0.9515625 0.5218750000000002 0.9515625
5 0.3140625 0.34375 0.2421875 0.34375 0.24218750000000006 0.371875 0.3140625000000001 0.371875