33 0.6296875 0.2734375000000001 0.6046875 0.2734375000000001 0.6046875 0.3359375000000001 0.6296875 0.3359375000000001
5 0.6546875 0.24218750000000008 0.63125 0.24218750000000008 0.63125 0.2984375000000001 0.6546875 0.2984375000000001
33 0.5828125 0.2296875000000001 0.5625 0.2296875000000001 0.5625 0.2750000000000001 0.5828125 0.2750000000000001
30 0.496875 0.20312500000000008 0.4765625 0.20312500000000008 0.4765625 0.2468750000000001 0.496875 0.2468750000000001
9 0.428125 0.2015625000000001 0.4125 0.2015625000000001 0.4125 0.2328125000000001 0.428125 0.2328125000000001
26 0.3765625 0.21093750000000006 0.359375 0.2109375 0.359375 0.24843750000000003 0.3765625 0.2484375000000001
6 0.2984375 0.296875 0.2734375 0.296875 0.2734375 0.346875 0.2984375 0.346875
8 0.2515625 0.334375 0.228125 0.334375 0.22812500000000005 0.375 0.2515625000000001 0.375
16 0.2484375 0.290625 0.2265625 0.290625 0.2265625 0.3359375 0.2484375 0.3359375
17 0.2203125 0.303125 0.2 0.303125 0.2 0.353125 0.2203125 0.353125
14 0.17968750000000006 0.3328125 0.15937500000000004 0.3328125 0.15937500000000004 0.3703125 0.17968750000000006 0.3703125
21 0.2093750000000001 0.3671875 0.18281250000000004 0.3671875 0.18281250000000004 0.415625 0.2093750000000001 0.415625
3 0.11406250000000011 0.8953125 0.06562500000000011 0.8953125 0.06562500000000011 0.990625 0.11406250000000014 0.990625
12 0.0734375000000001 0.7734375 0.0359375000000001 0.7734375 0.0359375000000001 0.8484375 0.07343750000000011 0.8484375
1 0.1281250000000001 0.60625 0.08906250000000007 0.60625 0.08906250000000007 0.68125 0.1281250000000001 0.68125
35 0.029687500000000082 0.6203125 0.0015625000000000755 0.6203125 0.0015625000000000799 0.6828125 0.02968750000000009 0.6828125
29 0.03906250000000007 0.5046875 0.01718750000000006 0.5046875 0.017187500000000064 0.5578125 0.03906250000000007 0.5578125
28 0.060937500000000054 0.440625 0.039062500000000056 0.440625 0.039062500000000056 0.4921875 0.06093750000000007 0.4921875
11 0.017187500000000064 0.4953125 6.065828677026735e-17 0.4953125 6.381557929931911e-17 0.546875 0.017187500000000067 0.546875