5 0.675 0.24218750000000008 0.6453125 0.24218750000000008 0.6453125 0.3156250000000001 0.675 0.3156250000000001
0 0.5515625 0.2468750000000001 0.525 0.2468750000000001 0.525 0.3031250000000001 0.5515625 0.3031250000000001
32 0.5890625 0.2328125000000001 0.5625 0.2328125000000001 0.5625 0.2687500000000001 0.5890625 0.2687500000000001
30 0.4984375 0.18750000000000006 0.46875 0.18750000000000006 0.46875 0.2531250000000001 0.4984375 0.2531250000000001
26 0.396875 0.21875000000000006 0.3609375 0.21875 0.3609375 0.26406250000000003 0.396875 0.2640625000000001
9 0.43125 0.2000000000000001 0.4109375 0.2000000000000001 0.4109375 0.2453125000000001 0.43125 0.2453125000000001
21 0.2093750000000001 0.371875 0.18593750000000003 0.371875 0.18593750000000003 0.425 0.2093750000000001 0.425
8 0.2515625 0.3359375 0.23125 0.3359375 0.23125000000000004 0.390625 0.2515625000000001 0.390625
6 0.30312500000000003 0.2984375 0.278125 0.2984375 0.27812500000000007 0.3671875 0.3031250000000001 0.3671875
16 0.2734375 0.2671875 0.2484375 0.2671875 0.2484375 0.3359375 0.2734375 0.3359375
14 0.17656250000000004 0.315625 0.15000000000000005 0.315625 0.15000000000000005 0.36875 0.17656250000000004 0.36875
17 0.221875 0.309375 0.19218750000000004 0.309375 0.19218750000000004 0.3515625 0.221875 0.3515625
3 0.12031250000000011 0.9 0.06718750000000011 0.9 0.06718750000000012 1 0.12031250000000013 1
12 0.0781250000000001 0.75 0.04062500000000009 0.75 0.04062500000000009 0.828125 0.07812500000000011 0.828125
1 0.1515625000000001 0.6796875 0.0984375000000001 0.6796875 0.0984375000000001 0.765625 0.1515625000000001 0.765625
10 0.09843750000000008 0.5734375 0.057812500000000065 0.5734375 0.05781250000000008 0.6515625 0.0984375000000001 0.6515625
35 0.029687500000000082 0.60625 7.424421219830829e-17 0.60625 7.950636641339458e-17 0.6921875 0.02968750000000009 0.6921875
29 0.03281250000000007 0.5390625 0.009375000000000067 0.5390625 0.009375000000000069 0.5921875 0.03281250000000008 0.5921875
11 0.020312500000000063 0.4875 5.970153145843348e-17 0.4875 6.228477080038492e-17 0.5296875 0.020312500000000067 0.5296875
28 0.06406250000000005 0.45 0.037500000000000054 0.45 0.037500000000000054 0.4890625 0.06406250000000006 0.4890625