5 0.36875 0.24375000000000005 0.346875 0.24375 0.346875 0.29375000000000007 0.36875 0.29375000000000007
32 0.440625 0.22812500000000008 0.41875 0.22812500000000008 0.41875 0.27812500000000007 0.440625 0.27812500000000007
0 0.4734375 0.2484375000000001 0.45 0.2484375000000001 0.45 0.30156250000000007 0.4734375 0.30156250000000007
30 0.528125 0.20468750000000008 0.5046875 0.20468750000000008 0.5046875 0.2484375000000001 0.528125 0.2484375000000001
26 0.6234375 0.2156250000000001 0.6046875 0.2156250000000001 0.6046875 0.2562500000000001 0.6234375 0.2562500000000001
9 0.5875 0.2015625000000001 0.56875 0.2015625000000001 0.56875 0.2390625000000001 0.5875 0.2390625000000001
6 0.7234375 0.30156250000000007 0.6984375 0.30156250000000007 0.6984375 0.3546875000000001 0.7234375 0.3546875000000001
8 0.7734375 0.3296875000000001 0.7484375 0.3296875000000001 0.7484375 0.3781250000000001 0.7734375 0.3781250000000001
21 0.8140625 0.3734375000000001 0.7921875 0.3734375000000001 0.7921875 0.4265625000000002 0.8140625 0.4265625000000002
16 0.771875 0.2875000000000001 0.75 0.2875000000000001 0.75 0.3312500000000001 0.771875 0.3312500000000001
17 0.803125 0.30156250000000007 0.784375 0.30156250000000007 0.784375 0.3515625000000001 0.803125 0.3515625000000001
14 0.846875 0.3296875000000001 0.8203125 0.3296875000000001 0.8203125 0.3703125000000001 0.846875 0.3703125000000001
36 0.9515625 0.4625000000000002 0.921875 0.4625000000000002 0.921875 0.5125000000000002 0.9515625 0.5125000000000002
29 1 0.5265625000000002 0.971875 0.5265625000000002 0.971875 0.5765625000000002 1 0.5765625000000002
1 0.9125 0.6125000000000002 0.8640625 0.6125000000000002 0.8640625 0.6984375000000002 0.9125 0.6984375000000002
12 0.9625 0.7515625000000001 0.91875 0.7515625000000001 0.91875 0.8296875 0.9625 0.8296875
35 1 0.6171875000000002 0.965625 0.6171875000000002 0.965625 0.6859375000000002 1 0.6859375000000002
35 0.94375 0.8921875 0.890625 0.8921875 0.890625 0.990625 0.94375 0.990625
15 0.896875 0.8234375 0.8328125 0.8234375 0.8328125 0.9328125 0.896875 0.9328125
37 0.75625 0.40312500000000007 0.725 0.403125 0.725 0.4718750000000001 0.75625 0.47187500000000016