11 0.2515625000000001 0.9265625 0.16406250000000014 0.9265625 0.16406250000000014 0.975 0.2515625000000001 0.975
35 0.3671875000000001 0.965625 0.3031250000000001 0.965625 0.3031250000000001 0.99375 0.3671875000000001 0.99375
1 0.3937500000000001 0.8515625 0.2906250000000001 0.8515625 0.2906250000000001 0.9171875 0.3937500000000001 0.9171875
0 0.7515625 0.4453125000000001 0.6890625 0.4453125 0.6890625 0.48906250000000007 0.7515625 0.4890625000000002
17 0.7031250000000002 0.784375 0.6421875000000001 0.784375 0.6421875000000001 0.8140625 0.7031250000000002 0.8140625
16 0.7359375000000001 0.7453125 0.6765625000000002 0.7453125 0.6765625000000002 0.7734375000000001 0.7359375000000001 0.7734375000000002
6 0.7156250000000001 0.69375 0.6484375 0.69375 0.6484375000000001 0.734375 0.7156250000000002 0.734375
26 0.7828125 0.6171875000000002 0.7453125 0.6171875000000002 0.7453125 0.6453125000000002 0.7828125 0.6453125000000002
9 0.803125 0.5609375000000002 0.75625 0.5609375000000002 0.75625 0.5984375000000002 0.803125 0.5984375000000002
37 0.6359375000000002 0.7796875 0.5546875000000002 0.7796875 0.5546875000000002 0.8171875 0.6359375000000002 0.8171875
37 0.6890625000000001 0.815625 0.6265625000000001 0.815625 0.6265625000000001 0.846875 0.6890625000000001 0.846875
32 0.7734375 0.4156250000000001 0.709375 0.415625 0.709375 0.44218750000000007 0.7734375 0.4421875000000002
5 0.7703125 0.3359375000000001 0.690625 0.3359375000000001 0.690625 0.36406250000000007 0.7703125 0.36406250000000007
30 0.8109375 0.5046875000000002 0.7421875 0.5046875000000002 0.7421875 0.5359375000000002 0.8109375 0.5359375000000002
3 0.12031250000000011 0.878125 0.006250000000000108 0.878125 0.006250000000000112 0.95 0.12031250000000013 0.95
15 0.33281250000000007 0.671875 0.15625000000000008 0.671875 0.15625000000000008 0.803125 0.33281250000000007 0.803125
29 0.47187500000000016 0.9671875 0.41406250000000017 0.9671875 0.41406250000000017 0.996875 0.47187500000000016 0.996875
11 0.5328125000000001 0.975 0.4734375000000002 0.975 0.4734375000000002 0.9953125 0.5328125000000001 0.9953125
36 0.5453125000000002 0.91875 0.47968750000000016 0.91875 0.47968750000000016 0.953125 0.5453125000000002 0.953125