32 0.58125 0.2218750000000001 0.5515625 0.2218750000000001 0.5515625 0.2750000000000001 0.58125 0.2750000000000001
0 0.546875 0.2531250000000001 0.5234375 0.2531250000000001 0.5234375 0.30156250000000007 0.546875 0.30156250000000007
30 0.4953125 0.20312500000000008 0.46875 0.20312500000000008 0.46875 0.2500000000000001 0.4953125 0.2500000000000001
9 0.4296875 0.19843750000000004 0.409375 0.19843750000000004 0.409375 0.2468750000000001 0.4296875 0.2468750000000001
26 0.3671875 0.23125000000000004 0.3359375 0.23125 0.3359375 0.28906250000000006 0.3671875 0.2890625000000001
6 0.30625 0.2921875 0.2765625 0.2921875 0.2765625 0.3515625 0.30625 0.3515625
16 0.265625 0.2703125 0.2390625 0.2703125 0.2390625 0.3234375 0.265625 0.3234375
8 0.2515625 0.325 0.2265625 0.325 0.22656250000000006 0.3796875 0.2515625000000001 0.3796875
17 0.2203125 0.2953125 0.19687500000000005 0.2953125 0.19687500000000005 0.346875 0.2203125 0.346875
21 0.21093750000000008 0.36875 0.19218750000000004 0.36875 0.19218750000000004 0.4203125 0.21093750000000008 0.4203125
14 0.17656250000000004 0.3296875 0.15312500000000004 0.3296875 0.15312500000000004 0.3703125 0.17656250000000004 0.3703125
1 0.1593750000000001 0.6609375 0.10312500000000009 0.6609375 0.10312500000000009 0.7546875 0.1593750000000001 0.7546875
12 0.07031250000000008 0.7015625 0.028125000000000087 0.7015625 0.028125000000000094 0.775 0.07031250000000008 0.775
29 0.043750000000000074 0.5328125 0.009375000000000067 0.5328125 0.009375000000000069 0.59375 0.04375000000000008 0.59375
3 0.10625000000000014 0.91875 0.04062500000000011 0.91875 0.04062500000000012 1 0.10625000000000014 1