33 0.6140625 0.2750000000000001 0.5875 0.2750000000000001 0.5875 0.3359375000000001 0.6140625 0.3359375000000001
0 0.553125 0.2593750000000001 0.53125 0.2593750000000001 0.53125 0.3125000000000001 0.553125 0.3125000000000001
32 0.5828125 0.22812500000000008 0.5609375 0.22812500000000008 0.5609375 0.2765625000000001 0.5828125 0.2765625000000001
30 0.5 0.2093750000000001 0.478125 0.2093750000000001 0.478125 0.2531250000000001 0.5 0.2531250000000001
9 0.434375 0.19843750000000004 0.4171875 0.19843750000000004 0.4171875 0.2375000000000001 0.434375 0.2375000000000001
26 0.3953125 0.2156250000000001 0.3734375 0.2156250000000001 0.3734375 0.2609375000000001 0.3953125 0.2609375000000001
6 0.3015625 0.29375 0.2796875 0.29375 0.2796875 0.3484375 0.3015625 0.3484375
8 0.25312500000000004 0.33125 0.2328125 0.33125 0.23281250000000003 0.3796875 0.2531250000000001 0.3796875
21 0.2171875000000001 0.365625 0.18906250000000005 0.365625 0.18906250000000005 0.4125 0.2171875000000001 0.4125
37 0.2687500000000001 0.40625 0.2406250000000001 0.40625 0.2406250000000001 0.4671875 0.2687500000000001 0.4671875
14 0.17812500000000003 0.321875 0.15625000000000006 0.321875 0.15625000000000006 0.36875 0.17812500000000003 0.36875
17 0.21875 0.3015625 0.19531250000000006 0.3015625 0.19531250000000006 0.3484375 0.21875 0.3484375
16 0.2484375 0.284375 0.2265625 0.284375 0.2265625 0.33125 0.2484375 0.33125
36 0.07812500000000007 0.4640625 0.050000000000000065 0.4640625 0.050000000000000065 0.5171875 0.07812500000000007 0.5171875
29 0.032812500000000064 0.5078125 0.00781250000000006 0.5078125 0.007812500000000066 0.5578125 0.032812500000000064 0.5578125
35 0.03593750000000008 0.6296875 0.0062500000000000775 0.6296875 0.006250000000000082 0.69375 0.03593750000000009 0.69375
10 0.09687500000000007 0.546875 0.07031250000000007 0.546875 0.07031250000000007 0.6265625 0.09687500000000007 0.6265625
1 0.1531250000000001 0.6765625 0.11562500000000009 0.6765625 0.11562500000000009 0.7546875 0.1531250000000001 0.7546875
12 0.0734375000000001 0.7703125 0.02968750000000009 0.7703125 0.029687500000000096 0.8515625 0.07343750000000011 0.8515625
15 0.1906250000000001 0.8578125 0.1281250000000001 0.8578125 0.1281250000000001 0.965625 0.19062500000000013 0.965625