0 0.30937500000000007 0.44375 0.2500000000000001 0.44375 0.2500000000000001 0.471875 0.30937500000000007 0.471875
32 0.2812500000000001 0.4046875 0.2156250000000001 0.4046875 0.2156250000000001 0.4328125 0.2812500000000001 0.4328125
30 0.2515625000000001 0.4984375 0.19843750000000004 0.4984375 0.19843750000000004 0.5203125 0.2515625000000001 0.5203125
26 0.2671875000000001 0.5984375 0.2140625000000001 0.5984375 0.2140625000000001 0.6234375 0.2671875000000001 0.6234375
9 0.23437500000000008 0.571875 0.1906250000000001 0.571875 0.1906250000000001 0.59375 0.23437500000000008 0.59375
21 0.4281250000000002 0.7890625 0.3687500000000001 0.7890625 0.3687500000000001 0.8171875 0.4281250000000002 0.8171875
8 0.3906250000000001 0.740625 0.32500000000000007 0.740625 0.32500000000000007 0.771875 0.3906250000000001 0.771875
6 0.3593750000000001 0.6984375 0.29375000000000007 0.6984375 0.29375000000000007 0.725 0.3593750000000001 0.725
14 0.37968750000000007 0.8171875 0.3203125000000001 0.8171875 0.3203125000000001 0.8453125 0.37968750000000007 0.8453125
17 0.3625000000000001 0.7796875 0.2875000000000001 0.7796875 0.2875000000000001 0.8046875 0.3625000000000001 0.8046875
16 0.3296875000000001 0.7328125 0.2687500000000001 0.7328125 0.2687500000000001 0.7546875 0.3296875000000001 0.7546875
11 0.5328125000000001 0.9828125 0.4937500000000002 0.9828125 0.4937500000000002 0.9984375 0.5328125000000001 0.9984375
14 0.4984375000000002 0.928125 0.4359375000000002 0.928125 0.4359375000000002 0.9625 0.4984375000000002 0.9625
1 0.7390625000000002 0.853125 0.6390625000000002 0.853125 0.6390625000000002 0.9015625 0.7390625000000002 0.9015625
12 0.8671875 0.934375 0.7546875000000002 0.934375 0.7546875000000002 0.9796875 0.8671875 0.9796875
12 0.6234375000000002 0.95625 0.5265625000000002 0.95625 0.5265625000000002 0.99375 0.6234375000000002 0.99375
3 0.98125 0.8796875 0.890625 0.8796875 0.890625 0.9375 0.98125 0.9375