0 0.55625 0.2390625000000001 0.525 0.2390625000000001 0.525 0.2984375000000001 0.55625 0.2984375000000001
32 0.5828125 0.22031250000000008 0.5578125 0.22031250000000008 0.5578125 0.29375000000000007 0.5828125 0.29375000000000007
26 0.396875 0.19062500000000004 0.36875 0.19062500000000004 0.36875 0.2671875000000001 0.396875 0.2671875000000001
9 0.4390625 0.18906250000000005 0.409375 0.18906250000000005 0.409375 0.25468750000000007 0.4390625 0.25468750000000007
30 0.4984375 0.20312500000000008 0.471875 0.20312500000000008 0.471875 0.2515625000000001 0.4984375 0.2515625000000001
21 0.2156250000000001 0.3734375 0.19375000000000003 0.3734375 0.19375000000000003 0.425 0.2156250000000001 0.425
8 0.25625000000000003 0.3359375 0.21875 0.3359375 0.21875000000000006 0.3921875 0.2562500000000001 0.3921875
6 0.30625 0.2953125 0.2734375 0.2953125 0.2734375 0.3515625 0.30625 0.3515625
14 0.17656250000000004 0.3203125 0.15000000000000005 0.3203125 0.15000000000000005 0.3796875 0.17656250000000004 0.3796875
17 0.2140625 0.2953125 0.18750000000000006 0.2953125 0.18750000000000006 0.3515625 0.2140625 0.3515625
16 0.2640625 0.271875 0.2328125 0.271875 0.2328125 0.325 0.2640625 0.325
3 0.12031250000000011 0.8875 0.07031250000000011 0.8875 0.07031250000000011 0.9875 0.12031250000000013 0.9875
1 0.1531250000000001 0.6453125 0.08750000000000009 0.6453125 0.08750000000000009 0.7359375 0.1531250000000001 0.7359375
12 0.0921875000000001 0.734375 0.04062500000000009 0.734375 0.04062500000000009 0.8390625 0.09218750000000012 0.8390625
35 0.03593750000000008 0.5984375 7.328745688647442e-17 0.5984375 7.85496111015607e-17 0.684375 0.03593750000000009 0.684375
10 0.09062500000000007 0.5546875 0.04531250000000007 0.5546875 0.045312500000000075 0.6234375 0.09062500000000007 0.6234375
29 0.040625000000000064 0.5234375 0.012500000000000067 0.5234375 0.01250000000000007 0.5859375 0.040625000000000064 0.5859375
36 0.07968750000000006 0.4734375 0.04375000000000005 0.4734375 0.04375000000000006 0.534375 0.07968750000000006 0.534375
5 0.65625 0.22656250000000008 0.6265625 0.22656250000000008 0.6265625 0.3046875000000001 0.65625 0.3046875000000001