5 0.34843750000000007 0.68125 0.3140625000000001 0.68125 0.3140625000000001 0.73125 0.34843750000000007 0.73125
33 0.3765625000000001 0.6609375 0.3531250000000001 0.6609375 0.3531250000000001 0.715625 0.3765625000000001 0.715625
0 0.4781250000000001 0.70625 0.453125 0.70625 0.4531250000000001 0.7515625 0.4781250000000002 0.7515625
32 0.4468750000000001 0.7203125 0.421875 0.7203125 0.4218750000000001 0.7734375 0.4468750000000002 0.7734375
30 0.5265625000000002 0.75 0.5046875000000002 0.75 0.5046875000000002 0.790625 0.5265625000000002 0.790625
24 0.5718750000000001 0.734375 0.5437500000000002 0.734375 0.5437500000000002 0.7765625 0.5718750000000001 0.7765625
26 0.6312500000000002 0.7421875 0.6078125000000002 0.7421875 0.6078125000000002 0.7796875 0.6312500000000002 0.7796875
9 0.5921875000000002 0.759375 0.5734375000000002 0.759375 0.5734375000000002 0.803125 0.5921875000000002 0.803125
17 0.803125 0.6625000000000002 0.78125 0.6625000000000002 0.78125 0.7046875000000001 0.803125 0.7046875000000001
8 0.7734375 0.6203125000000002 0.75 0.6203125000000002 0.75 0.6671875000000002 0.7734375 0.6671875000000002
16 0.7703125 0.6656250000000001 0.75 0.6656250000000001 0.75 0.7109375000000002 0.7703125 0.7109375000000002
14 0.8515625 0.6234375000000002 0.8265625 0.6234375000000002 0.8265625 0.6625000000000002 0.8515625 0.6625000000000002
21 0.815625 0.5843750000000002 0.79375 0.5843750000000002 0.79375 0.6234375000000002 0.815625 0.6234375000000002
6 0.7203125 0.65 0.6984375 0.65 0.6984375 0.7 0.7203125 0.7
13 0.7 0.56875 0.678125 0.56875 0.678125 0.61875 0.7 0.61875
37 0.7484375 0.5171875000000001 0.7203125 0.5171875 0.7203125 0.5718750000000001 0.7484375 0.5718750000000001
7 0.6796875 0.471875 0.6421875 0.471875 0.6421875 0.5328125 0.6796875 0.5328125
38 0.5859375 0.5125 0.5578125 0.5125 0.5578125 0.5828125 0.5859375 0.5828125
34 0.5296875 0.5453125 0.5046875 0.5453125 0.5046875 0.6078125 0.5296875 0.6078125
15 0.8609375 0.0421875000000001 0.8109375 0.0421875000000001 0.8109375 0.14218750000000008 0.8609375 0.14218750000000008
12 0.95 0.17187500000000014 0.91875 0.17187500000000014 0.91875 0.2468750000000001 0.95 0.2468750000000001
1 0.909375 0.2453125000000001 0.8625 0.2453125000000001 0.8625 0.3234375000000001 0.909375 0.3234375000000001
10 0.9515625 0.32500000000000007 0.925 0.32500000000000007 0.925 0.38750000000000007 0.9515625 0.38750000000000007
29 1 0.41406250000000017 0.96875 0.41406250000000017 0.96875 0.46093750000000017 1 0.46093750000000017
36 0.9484375 0.4703125000000002 0.9234375 0.4703125000000002 0.9234375 0.5078125000000002 0.9484375 0.5078125000000002