33 0.7109375 0.6078125 0.6515625 0.6078125 0.6515625 0.6328125 0.7109375 0.6328125
5 0.73125 0.6468750000000001 0.671875 0.646875 0.671875 0.675 0.73125 0.6750000000000002
32 0.778125 0.5593750000000001 0.71875 0.559375 0.71875 0.5843750000000001 0.778125 0.5843750000000002
0 0.7546875 0.5109375 0.7015625 0.5109375 0.7015625 0.5328125000000001 0.7546875 0.5328125000000001
24 0.771875 0.4375000000000001 0.721875 0.4375 0.721875 0.4625000000000001 0.771875 0.4625000000000002
30 0.7953125 0.4781250000000002 0.7484375 0.4781250000000002 0.7484375 0.4968750000000002 0.7953125 0.4968750000000002
26 0.778125 0.3750000000000001 0.734375 0.3750000000000001 0.734375 0.4000000000000002 0.778125 0.4000000000000002
9 0.8015625 0.4125000000000002 0.7546875 0.4125000000000002 0.7546875 0.4343750000000002 0.8015625 0.4343750000000002
34 0.64375 0.4328125 0.58125 0.4328125 0.58125 0.4703125 0.64375 0.4703125
38 0.575 0.38750000000000007 0.503125 0.38750000000000007 0.503125 0.421875 0.575 0.421875
7 0.50625 0.33281250000000007 0.43125 0.33281250000000007 0.43125 0.3687500000000001 0.50625 0.3687500000000001
13 0.621875 0.30937500000000007 0.565625 0.30937500000000007 0.565625 0.3343750000000001 0.621875 0.3343750000000001
37 0.5796875 0.2562500000000001 0.528125 0.2562500000000001 0.528125 0.2906250000000001 0.5796875 0.2906250000000001
6 0.7046875 0.2828125000000001 0.6484375 0.2828125000000001 0.6484375 0.30156250000000007 0.7046875 0.30156250000000007
8 0.659375 0.2312500000000001 0.621875 0.2312500000000001 0.621875 0.2500000000000001 0.659375 0.2500000000000001
21 0.6296875 0.18125000000000008 0.584375 0.18125000000000008 0.584375 0.2062500000000001 0.6296875 0.2062500000000001
14 0.678125 0.1750000000000001 0.6328125 0.1750000000000001 0.6328125 0.19687500000000008 0.678125 0.19687500000000008
17 0.6953125 0.1984375000000001 0.6515625 0.1984375000000001 0.6515625 0.2171875000000001 0.6953125 0.2171875000000001
15 0.15625000000000003 0.15625 0.05625000000000002 0.15625 0.05625000000000002 0.2078125 0.15625000000000006 0.2078125
36 0.5296875 0.05937500000000007 0.4859375 0.05937500000000007 0.4859375 0.07812500000000007 0.5296875 0.07812500000000007
29 0.4875 0.004687500000000057 0.4390625 0.0046875000000000545 0.4390625 0.025000000000000057 0.4875 0.025000000000000057
10 0.4140625 0.07031250000000004 0.3578125 0.07031250000000004 0.3578125 0.10625000000000004 0.4140625 0.10625000000000004
35 0.3671875 0.017187500000000043 0.3109375 0.01718750000000004 0.3109375 0.04531250000000004 0.3671875 0.04531250000000005
1 0.296875 0.09687500000000003 0.240625 0.09687500000000002 0.240625 0.13750000000000004 0.296875 0.13750000000000004
12 0.23125 0.03281250000000003 0.165625 0.03281250000000002 0.165625 0.07656250000000002 0.23125 0.07656250000000002