32 0.5875000000000001 0.721875 0.5546875 0.721875 0.5546875000000001 0.7890625 0.5875000000000001 0.7890625
0 0.5546875000000001 0.66875 0.5265625 0.66875 0.5265625 0.759375 0.5546875000000002 0.759375
30 0.5015625000000001 0.7421875 0.4671875000000002 0.7421875 0.4671875000000002 0.8015625 0.5015625000000001 0.8015625
9 0.4265625000000002 0.7484375 0.3984375000000001 0.7484375 0.3984375000000001 0.80625 0.4265625000000002 0.80625
26 0.3828125000000001 0.7109375 0.3531250000000001 0.7109375 0.3531250000000001 0.7765625 0.3828125000000001 0.7765625
6 0.3078125000000001 0.6390625 0.2750000000000001 0.6390625 0.2750000000000001 0.6984375 0.3078125000000001 0.6984375
8 0.2562500000000001 0.6046875 0.2250000000000001 0.6046875 0.2250000000000001 0.6671875 0.2562500000000001 0.6671875
21 0.2171875000000001 0.56875 0.1859375000000001 0.56875 0.1859375000000001 0.6328125 0.2171875000000001 0.6328125
16 0.2671875000000001 0.671875 0.2390625000000001 0.671875 0.2390625000000001 0.725 0.2671875000000001 0.725
17 0.22031250000000008 0.6484375 0.18906250000000008 0.6484375 0.18906250000000008 0.7015625 0.22031250000000008 0.7015625
14 0.17968750000000008 0.628125 0.14843750000000008 0.628125 0.14843750000000008 0.6796875 0.17968750000000008 0.6796875
28 0.06406250000000006 0.5234375 0.03593750000000007 0.5234375 0.03593750000000007 0.5828125 0.06406250000000006 0.5828125
11 0.032812500000000064 0.4828125 0.0062500000000000585 0.4828125 0.006250000000000063 0.546875 0.032812500000000064 0.546875
29 0.04687500000000005 0.390625 0.01250000000000005 0.390625 0.012500000000000053 0.4671875 0.046875000000000056 0.4671875
1 0.15156250000000004 0.2546875 0.09687500000000002 0.2546875 0.09687500000000003 0.34375 0.15156250000000004 0.34375
3 0.1234375 1.1098361617272889e-17 0.0578125 7.079989307570636e-18 0.05781250000000001 0.1078125 0.1234375 0.1078125