26 0.2093750000000001 0.640625 0.1625000000000001 0.640625 0.1625000000000001 0.6609375 0.2093750000000001 0.6609375
9 0.23593750000000008 0.590625 0.1984375000000001 0.590625 0.1984375000000001 0.6109375 0.23593750000000008 0.6109375
30 0.2453125000000001 0.5015625 0.20468750000000008 0.5015625 0.20468750000000008 0.5234375 0.2453125000000001 0.5234375
0 0.2890625000000001 0.4515625 0.24375000000000008 0.4515625 0.24375000000000008 0.4828125 0.2890625000000001 0.4828125
32 0.23593750000000008 0.38125 0.17968750000000006 0.38125 0.17968750000000006 0.4125 0.23593750000000008 0.4125
8 0.3750000000000001 0.7296875 0.3281250000000001 0.7296875 0.3281250000000001 0.7515625 0.3750000000000001 0.7515625
16 0.3265625000000001 0.7546875 0.2796875000000001 0.7546875 0.2796875000000001 0.7765625 0.3265625000000001 0.7765625
17 0.3468750000000001 0.7796875 0.3031250000000001 0.7796875 0.3031250000000001 0.803125 0.3468750000000001 0.803125
21 0.41406250000000017 0.7921875 0.3609375000000001 0.7921875 0.3609375000000001 0.8171875 0.41406250000000017 0.8171875
14 0.37187500000000007 0.8234375 0.32500000000000007 0.8234375 0.32500000000000007 0.846875 0.37187500000000007 0.846875
1 0.7718750000000002 0.89375 0.6906250000000002 0.89375 0.6906250000000002 0.940625 0.7718750000000002 0.940625
12 0.815625 0.9359375 0.7390625000000002 0.9359375 0.7390625000000002 0.9765625 0.815625 0.9765625