0 0.30156250000000007 0.5234375 0.2390625000000001 0.5234375 0.2390625000000001 0.5515625 0.30156250000000007 0.5515625
32 0.2765625000000001 0.5609375 0.22031250000000008 0.5609375 0.22031250000000008 0.5890625 0.2765625000000001 0.5890625
26 0.2609375000000001 0.3765625 0.2140625000000001 0.3765625 0.2140625000000001 0.396875 0.2609375000000001 0.396875
9 0.2406250000000001 0.4015625 0.19375000000000003 0.4015625 0.19375000000000003 0.428125 0.2406250000000001 0.428125
6 0.35 0.2765625 0.296875 0.2765625 0.296875 0.3046875 0.35 0.3046875
21 0.41875 0.18437500000000004 0.371875 0.18437500000000004 0.371875 0.2093750000000001 0.41875 0.2093750000000001
8 0.3765625 0.22500000000000003 0.33125 0.225 0.33125 0.25312500000000004 0.3765625 0.2531250000000001
17 0.3515625 0.19843750000000004 0.3 0.19843750000000004 0.3 0.2203125 0.3515625 0.2203125
14 0.3703125 0.14843750000000006 0.3234375 0.14843750000000006 0.3234375 0.17656250000000004 0.3703125 0.17656250000000004
1 0.73125 0.08906250000000009 0.6390625 0.08906250000000009 0.6390625 0.1531250000000001 0.73125 0.1531250000000001
29 0.6046875 0.01406250000000007 0.5453125 0.014062500000000066 0.5453125 0.050000000000000065 0.6046875 0.050000000000000065
11 0.5390625 0.003125000000000063 0.4890625 0.0031250000000000596 0.4890625 0.026562500000000062 0.5390625 0.026562500000000065
28 0.509375 0.03906250000000006 0.440625 0.039062500000000056 0.440625 0.07031250000000006 0.509375 0.07031250000000007
11 0.6265625 0.2640625000000001 0.471875 0.2640625000000001 0.471875 0.2718750000000001 0.6265625 0.2718750000000001
12 0.84375 0.0187500000000001 0.753125 0.018750000000000093 0.753125 0.0734375000000001 0.84375 0.07343750000000011
3 0.9859375 0.07812500000000011 0.8921875 0.07812500000000011 0.8921875 0.13125000000000012 0.9859375 0.13125000000000014