5 0.359375 0.2375 0.3328125 0.2375 0.3328125 0.296875 0.359375 0.296875
32 0.4453125 0.22031250000000008 0.4171875 0.22031250000000008 0.4171875 0.2828125000000001 0.4453125 0.2828125000000001
0 0.475 0.2562500000000001 0.446875 0.2562500000000001 0.446875 0.3156250000000001 0.475 0.3156250000000001
30 0.5296875 0.2000000000000001 0.4984375 0.2000000000000001 0.4984375 0.2531250000000001 0.5296875 0.2531250000000001
26 0.63125 0.2156250000000001 0.60625 0.2156250000000001 0.60625 0.26250000000000007 0.63125 0.26250000000000007
9 0.6015625 0.2015625000000001 0.5765625 0.2015625000000001 0.5765625 0.2515625000000001 0.6015625 0.2515625000000001
6 0.71875 0.3203125000000001 0.696875 0.3203125000000001 0.696875 0.3546875000000001 0.71875 0.3546875000000001
8 0.771875 0.3359375000000001 0.746875 0.3359375000000001 0.746875 0.37968750000000007 0.771875 0.37968750000000007
21 0.80625 0.3625000000000001 0.7828125 0.3625000000000001 0.7828125 0.40625000000000017 0.80625 0.40625000000000017
14 0.853125 0.3265625000000001 0.821875 0.3265625000000001 0.821875 0.3671875000000001 0.853125 0.3671875000000001
17 0.803125 0.3000000000000001 0.78125 0.3000000000000001 0.78125 0.3437500000000001 0.803125 0.3437500000000001
16 0.7546875 0.2671875000000001 0.7296875 0.2671875000000001 0.7296875 0.3234375000000001 0.7546875 0.3234375000000001
28 0.971875 0.4421875000000002 0.94375 0.4421875000000002 0.94375 0.4984375000000002 0.971875 0.4984375000000002
28 0.94375 0.4421875000000002 0.9125 0.4421875000000002 0.9125 0.49531250000000016 0.94375 0.49531250000000016
29 0.9984375 0.5015625000000001 0.9703125 0.5015625000000001 0.9703125 0.5625000000000002 0.9984375 0.5625000000000002
35 0.996875 0.6015625000000002 0.9640625 0.6015625000000002 0.9640625 0.6640625000000002 0.996875 0.6640625000000002
1 0.8921875 0.6703125000000002 0.8453125 0.6703125000000002 0.8453125 0.7437500000000001 0.8921875 0.7437500000000001
12 0.9578125 0.7718750000000002 0.9203125 0.7718750000000002 0.9203125 0.834375 0.9578125 0.834375
3 0.9328125 0.9015625 0.88125 0.9015625 0.88125 1 0.9328125 1