0 0.7484375 0.5265625 0.7046875 0.5265625 0.7046875 0.5468750000000001 0.7484375 0.5468750000000002
32 0.778125 0.5562500000000001 0.7171875 0.55625 0.7171875 0.5859375000000001 0.778125 0.5859375000000002
30 0.7921875 0.4703125000000002 0.7453125 0.4703125000000002 0.7453125 0.4984375000000002 0.7921875 0.4984375000000002
9 0.80625 0.4156250000000002 0.75625 0.4156250000000002 0.75625 0.4343750000000002 0.80625 0.4343750000000002
26 0.7796875 0.3734375000000001 0.7390625 0.3734375000000001 0.7390625 0.3937500000000001 0.7796875 0.3937500000000001
6 0.7 0.2796875000000001 0.640625 0.2796875000000001 0.640625 0.3078125000000001 0.7 0.3078125000000001
16 0.7328125 0.2375000000000001 0.6859375 0.2375000000000001 0.6859375 0.26250000000000007 0.7328125 0.26250000000000007
14 0.66875 0.1609375000000001 0.6265625 0.1609375000000001 0.6265625 0.1828125000000001 0.66875 0.1828125000000001
17 0.6984375 0.1921875000000001 0.653125 0.1921875000000001 0.653125 0.2171875000000001 0.6984375 0.2171875000000001
8 0.6671875 0.2250000000000001 0.61875 0.2250000000000001 0.61875 0.2562500000000001 0.6671875 0.2562500000000001
21 0.628125 0.1750000000000001 0.58125 0.1750000000000001 0.58125 0.21093750000000008 0.628125 0.21093750000000008
28 0.553125 0.040625000000000064 0.49375 0.04062500000000006 0.49375 0.06875000000000006 0.553125 0.06875000000000006
11 0.5265625 6.16150420821012e-17 0.4796875 5.87447761465996e-17 0.4796875 0.017187500000000064 0.5265625 0.017187500000000067
29 0.4640625 0.0031250000000000526 0.3953125 0.0031250000000000487 0.3953125 0.02656250000000005 0.4640625 0.026562500000000055
1 0.35 0.09375000000000003 0.2546875 0.09375000000000003 0.2546875 0.15625000000000006 0.35 0.15625000000000006
12 0.2359375 0.02343750000000002 0.1515625 0.023437500000000017 0.1515625 0.06406250000000002 0.2359375 0.06406250000000002
3 0.0921875 0.06250000000000001 0.0015625000000000077 0.0625 0.0015625000000000111 0.11875 0.09218750000000002 0.11875