33 0.621875 0.2484375000000001 0.5875 0.2484375000000001 0.5875 0.3265625000000001 0.621875 0.3265625000000001
0 0.553125 0.2312500000000001 0.521875 0.2312500000000001 0.521875 0.3078125000000001 0.553125 0.3078125000000001
32 0.5875 0.2218750000000001 0.5546875 0.2218750000000001 0.5546875 0.27812500000000007 0.5875 0.27812500000000007
30 0.503125 0.18750000000000006 0.475 0.18750000000000006 0.475 0.2515625000000001 0.503125 0.2515625000000001
26 0.4015625 0.20312500000000008 0.36875 0.20312500000000008 0.36875 0.27031250000000007 0.4015625 0.27031250000000007
9 0.434375 0.2015625000000001 0.3984375 0.2015625000000001 0.3984375 0.2515625000000001 0.434375 0.2515625000000001
21 0.22031250000000005 0.3546875 0.18125000000000005 0.3546875 0.18125000000000005 0.4140625 0.22031250000000008 0.4140625
8 0.26250000000000007 0.3296875 0.225 0.3296875 0.22500000000000003 0.3890625 0.26250000000000007 0.3890625
16 0.259375 0.278125 0.2375 0.278125 0.2375 0.33125 0.259375 0.33125
6 0.30625 0.2734375 0.2765625 0.2734375 0.2765625 0.3578125 0.30625 0.3578125
14 0.18125000000000005 0.3234375 0.14687500000000003 0.3234375 0.14687500000000003 0.371875 0.18125000000000005 0.371875
17 0.221875 0.296875 0.18906250000000005 0.296875 0.18906250000000005 0.353125 0.221875 0.353125
1 0.1437500000000001 0.65 0.09375000000000008 0.65 0.09375000000000008 0.7421875 0.1437500000000001 0.7421875
12 0.0750000000000001 0.778125 0.0281250000000001 0.778125 0.0281250000000001 0.8453125 0.07500000000000011 0.8453125
35 0.04531250000000008 0.609375 0.01718750000000007 0.609375 0.017187500000000078 0.6875 0.04531250000000009 0.6875
29 0.032812500000000064 0.49375 0.006250000000000061 0.49375 0.006250000000000065 0.56875 0.032812500000000064 0.56875
36 0.08437500000000006 0.459375 0.050000000000000065 0.459375 0.050000000000000065 0.521875 0.08437500000000006 0.521875
5 0.6578125 0.24218750000000008 0.6296875 0.24218750000000008 0.6296875 0.3140625000000001 0.6578125 0.3140625000000001