5 0.3140625 0.31875 0.2484375 0.31875 0.2484375 0.35 0.3140625 0.35
0 0.3140625000000001 0.4484375 0.2640625000000001 0.4484375 0.2640625000000001 0.4796875 0.3140625000000001 0.4796875
32 0.2796875000000001 0.4203125 0.22812500000000008 0.4203125 0.22812500000000008 0.4484375 0.2796875000000001 0.4484375
26 0.25468750000000007 0.603125 0.2156250000000001 0.603125 0.2156250000000001 0.628125 0.25468750000000007 0.628125
24 0.27812500000000007 0.5421875 0.2250000000000001 0.5421875 0.2250000000000001 0.56875 0.27812500000000007 0.56875
9 0.2312500000000001 0.5703125 0.2000000000000001 0.5703125 0.2000000000000001 0.5859375 0.2312500000000001 0.5859375
30 0.2500000000000001 0.5015625 0.20468750000000008 0.5015625 0.20468750000000008 0.525 0.2500000000000001 0.525
38 0.5015625 0.5453125 0.4453125 0.5453125 0.4453125 0.5875 0.5015625 0.5875
34 0.4484375 0.4921875 0.3859375000000001 0.4921875 0.3859375000000001 0.5328125 0.4484375 0.5328125
7 0.53125 0.6203125 0.4875 0.6203125 0.4875 0.6546875 0.53125 0.6546875
37 0.4859375000000001 0.715625 0.4359375 0.715625 0.4359375000000001 0.7484375 0.4859375000000002 0.7484375
13 0.4296875 0.6640625 0.3671875000000001 0.6640625 0.3671875000000001 0.6953125 0.4296875 0.6953125
21 0.4187500000000002 0.7828125 0.3671875000000001 0.7828125 0.3671875000000001 0.8140625 0.4187500000000002 0.8140625
8 0.3828125000000001 0.74375 0.34062500000000007 0.74375 0.34062500000000007 0.7765625 0.3828125000000001 0.7765625
6 0.3515625000000001 0.696875 0.30156250000000007 0.696875 0.30156250000000007 0.7234375 0.3515625000000001 0.7234375
14 0.3750000000000001 0.8171875 0.32500000000000007 0.8171875 0.32500000000000007 0.8515625 0.3750000000000001 0.8515625
17 0.34843750000000007 0.778125 0.30156250000000007 0.778125 0.30156250000000007 0.809375 0.34843750000000007 0.809375
16 0.3265625000000001 0.74375 0.2828125000000001 0.74375 0.2828125000000001 0.771875 0.3265625000000001 0.771875
35 0.6812500000000001 0.9546875 0.6140625000000002 0.9546875 0.6140625000000002 0.9984375 0.6812500000000001 0.9984375
29 0.5796875000000001 0.971875 0.5296875000000002 0.971875 0.5296875000000002 1 0.5796875000000001 1
36 0.5328125000000001 0.921875 0.4750000000000002 0.921875 0.4750000000000002 0.95 0.5328125000000001 0.95
10 0.6312500000000002 0.8953125 0.5609375000000002 0.8953125 0.5609375000000002 0.9359375 0.6312500000000002 0.9359375
1 0.7437500000000001 0.8578125 0.6671875000000002 0.8578125 0.6671875000000002 0.903125 0.7437500000000001 0.903125
12 0.85 0.91875 0.7687500000000002 0.91875 0.7687500000000002 0.965625 0.85 0.965625
15 0.9578125 0.7921875000000002 0.8640625 0.7921875000000002 0.8640625 0.8640625 0.9578125 0.8640625