5 0.3546875000000001 0.6859375 0.32500000000000007 0.6859375 0.32500000000000007 0.7578125 0.3546875000000001 0.7578125
0 0.4765625000000001 0.6984375 0.45 0.6984375 0.45000000000000007 0.7546875 0.47656250000000017 0.7546875
32 0.43750000000000017 0.73125 0.4109375000000002 0.73125 0.4109375000000002 0.76875 0.43750000000000017 0.76875
30 0.5328125000000001 0.746875 0.5015625000000001 0.746875 0.5015625000000001 0.8125 0.5328125000000001 0.8125
26 0.6406250000000002 0.7359375 0.6031250000000001 0.7359375 0.6031250000000001 0.7828125 0.6406250000000002 0.7828125
9 0.5890625000000002 0.75625 0.5703125000000002 0.75625 0.5703125000000002 0.8 0.5890625000000002 0.8
21 0.8140625 0.5750000000000002 0.790625 0.5750000000000002 0.790625 0.6281250000000002 0.8140625 0.6281250000000002
8 0.76875 0.6093750000000002 0.7484375 0.6093750000000002 0.7484375 0.6656250000000001 0.76875 0.6656250000000001
6 0.721875 0.6328125 0.696875 0.6328125 0.696875 0.7015625 0.721875 0.7015625
16 0.7515625000000001 0.6640625000000002 0.7265625 0.6640625000000002 0.7265625000000001 0.7328125000000002 0.7515625000000001 0.7328125000000002
14 0.85 0.6328125000000002 0.825 0.6328125000000002 0.825 0.6859375000000002 0.85 0.6859375000000002
17 0.8078125 0.6500000000000001 0.7796875 0.6500000000000001 0.7796875 0.6906250000000002 0.8078125 0.6906250000000002
3 0.9328125 1.1098361617272889e-16 0.8796875 1.0773064811249373e-16 0.8796875 0.10000000000000012 0.9328125 0.10000000000000013
12 0.9609375 0.17187500000000014 0.9234375 0.17187500000000014 0.9234375 0.2500000000000001 0.9609375 0.2500000000000001
1 0.9015625 0.23593750000000008 0.8484375 0.23593750000000008 0.8484375 0.3218750000000001 0.9015625 0.3218750000000001
10 0.94375 0.34843750000000007 0.903125 0.34843750000000007 0.903125 0.4265625000000002 0.94375 0.4265625000000002
35 1 0.3078125000000001 0.9703125 0.3078125000000001 0.9703125 0.3937500000000001 1 0.3937500000000001
29 0.990625 0.40937500000000016 0.9671875 0.40937500000000016 0.9671875 0.4625000000000002 0.990625 0.4625000000000002
11 1 0.47187500000000016 0.9796875 0.47187500000000016 0.9796875 0.5125000000000002 1 0.5125000000000002
28 0.9625 0.5125000000000002 0.9375 0.5125000000000002 0.9375 0.5500000000000002 0.9625 0.5500000000000002