5 0.6687500000000001 0.684375 0.646875 0.684375 0.6468750000000001 0.7375 0.6687500000000002 0.7375
33 0.6125 0.66875 0.584375 0.66875 0.5843750000000001 0.7296875 0.6125000000000002 0.7296875
34 0.4921875 0.5546875 0.4578125 0.5546875 0.4578125 0.6296875 0.4921875 0.6296875
38 0.4453125 0.509375 0.4140625 0.509375 0.4140625 0.5859375 0.4453125 0.5859375
7 0.3609375000000001 0.46875 0.3218750000000001 0.46875 0.3218750000000001 0.534375 0.3609375000000001 0.534375
13 0.3234375000000001 0.571875 0.2984375000000001 0.571875 0.2984375000000001 0.628125 0.3234375000000001 0.628125
37 0.2843750000000001 0.51875 0.2500000000000001 0.51875 0.2500000000000001 0.584375 0.2843750000000001 0.584375
6 0.2953125000000001 0.6484375 0.2671875000000001 0.6484375 0.2671875000000001 0.6984375 0.2953125000000001 0.6984375
8 0.2562500000000001 0.6171875 0.22812500000000008 0.6171875 0.22812500000000008 0.665625 0.2562500000000001 0.665625
21 0.21250000000000008 0.5796875 0.18750000000000008 0.5796875 0.18750000000000008 0.63125 0.21250000000000008 0.63125
17 0.22031250000000008 0.653125 0.1984375000000001 0.653125 0.1984375000000001 0.7 0.22031250000000008 0.7
16 0.2515625000000001 0.6703125 0.2312500000000001 0.6703125 0.2312500000000001 0.71875 0.2515625000000001 0.71875
14 0.1765625000000001 0.6296875 0.1515625000000001 0.6296875 0.1515625000000001 0.6734375 0.1765625000000001 0.6734375
26 0.3937500000000001 0.740625 0.3750000000000001 0.740625 0.3750000000000001 0.78125 0.3937500000000001 0.78125
9 0.4281250000000002 0.7578125 0.4078125000000002 0.7578125 0.4078125000000002 0.8015625 0.4281250000000002 0.8015625
24 0.4578125000000002 0.728125 0.4359375000000002 0.728125 0.4359375000000002 0.7703125 0.4578125000000002 0.7703125
30 0.4968750000000002 0.74375 0.4750000000000002 0.74375 0.4750000000000002 0.79375 0.4968750000000002 0.79375
32 0.5859375000000001 0.7234375 0.5609375 0.7234375 0.5609375000000001 0.771875 0.5859375000000002 0.771875
1 0.13437500000000005 0.2484375 0.09062500000000002 0.2484375 0.09062500000000004 0.3484375 0.13437500000000005 0.3484375
12 0.07656250000000002 0.153125 0.035937500000000025 0.153125 0.035937500000000025 0.240625 0.07656250000000002 0.240625
15 0.2 0.05625000000000002 0.134375 0.05625000000000002 0.134375 0.17500000000000002 0.2 0.17500000000000004
35 0.04531250000000005 0.31875 0.012500000000000039 0.31875 0.012500000000000044 0.3890625 0.04531250000000005 0.3890625
10 0.10000000000000005 0.365625 0.06562500000000004 0.365625 0.06562500000000004 0.4375 0.10000000000000005 0.4375
29 0.03281250000000006 0.41875 0.004687500000000051 0.41875 0.0046875000000000545 0.471875 0.03281250000000006 0.471875
11 0.02343750000000006 0.4640625 0.001562500000000057 0.4640625 0.0015625000000000593 0.503125 0.023437500000000062 0.503125