33 0.615625 0.2828125000000001 0.5890625 0.2828125000000001 0.5890625 0.3531250000000001 0.615625 0.3531250000000001
5 0.6546875 0.22656250000000008 0.625 0.22656250000000008 0.625 0.2921875000000001 0.6546875 0.2921875000000001
0 0.546875 0.23437500000000008 0.5171875 0.23437500000000008 0.5171875 0.2875000000000001 0.546875 0.2875000000000001
33 0.58125 0.2234375000000001 0.559375 0.2234375000000001 0.559375 0.2812500000000001 0.58125 0.2812500000000001
30 0.5 0.19843750000000004 0.4734375 0.19843750000000004 0.4734375 0.2515625000000001 0.5 0.2515625000000001
26 0.4015625 0.2140625000000001 0.3703125 0.2140625000000001 0.3703125 0.26250000000000007 0.4015625 0.26250000000000007
9 0.4375 0.19531250000000006 0.4125 0.19531250000000006 0.4125 0.2484375000000001 0.4375 0.2484375000000001
6 0.3078125 0.2921875 0.271875 0.2921875 0.271875 0.3546875 0.3078125 0.3546875
37 0.27812500000000007 0.4046875 0.24218750000000008 0.4046875 0.24218750000000008 0.48125 0.27812500000000007 0.48125
21 0.22031250000000008 0.3671875 0.18437500000000004 0.3671875 0.18437500000000004 0.421875 0.22031250000000008 0.421875
8 0.24687500000000004 0.3390625 0.2203125 0.3390625 0.22031250000000005 0.3875 0.2468750000000001 0.3875
14 0.18125000000000005 0.3140625 0.15156250000000004 0.3140625 0.15156250000000004 0.375 0.18125000000000005 0.375
17 0.21875 0.2921875 0.19531250000000006 0.2921875 0.19531250000000006 0.3484375 0.21875 0.3484375
16 0.25 0.2875 0.2203125 0.2875 0.2203125 0.334375 0.25 0.334375
15 0.1984375000000001 0.821875 0.1312500000000001 0.821875 0.13125000000000012 0.9328125 0.19843750000000013 0.9328125
1 0.1531250000000001 0.653125 0.08906250000000009 0.653125 0.08906250000000009 0.7453125 0.1531250000000001 0.7453125
12 0.0812500000000001 0.765625 0.021875000000000096 0.765625 0.0218750000000001 0.8578125 0.08125000000000011 0.8578125
10 0.10000000000000009 0.5609375 0.06562500000000007 0.5609375 0.06562500000000007 0.653125 0.10000000000000009 0.653125
35 0.042187500000000086 0.609375 0.0031250000000000748 0.609375 0.00312500000000008 0.6859375 0.042187500000000086 0.6859375
36 0.07968750000000005 0.4515625 0.046875000000000056 0.4515625 0.04687500000000006 0.5125 0.07968750000000006 0.5125
29 0.034375000000000065 0.5203125 0.004687500000000064 0.5203125 0.0046875000000000675 0.5828125 0.034375000000000065 0.5828125