5 0.66875 0.26250000000000007 0.646875 0.26250000000000007 0.646875 0.3156250000000001 0.66875 0.3156250000000001
33 0.6125 0.2718750000000001 0.5828125 0.2718750000000001 0.5828125 0.33281250000000007 0.6125 0.33281250000000007
34 0.4921875 0.37187500000000007 0.45625 0.37187500000000007 0.45625 0.446875 0.4921875 0.446875
38 0.4453125 0.4140625 0.4140625 0.4140625 0.4140625 0.490625 0.4453125 0.490625
7 0.3609375000000001 0.465625 0.3218750000000001 0.465625 0.3218750000000001 0.53125 0.3609375000000001 0.53125
13 0.3234375000000001 0.371875 0.2984375000000001 0.371875 0.2984375000000001 0.4296875 0.3234375000000001 0.4296875
37 0.2843750000000001 0.415625 0.2484375000000001 0.415625 0.2484375000000001 0.48125 0.2843750000000001 0.48125
6 0.29375 0.3015625 0.2671875 0.3015625 0.2671875 0.3515625 0.29375 0.3515625
8 0.25625000000000003 0.334375 0.2265625 0.334375 0.22656250000000006 0.3828125 0.2562500000000001 0.3828125
21 0.21250000000000008 0.3703125 0.18593750000000003 0.3703125 0.18593750000000003 0.421875 0.21250000000000008 0.421875
17 0.2203125 0.3 0.19843750000000004 0.3 0.19843750000000004 0.346875 0.2203125 0.346875
16 0.2515625 0.2828125 0.23125 0.2828125 0.23125 0.33125 0.2515625 0.33125
14 0.17656250000000004 0.3265625 0.15156250000000004 0.3265625 0.15156250000000004 0.3703125 0.17656250000000004 0.3703125
26 0.39375 0.21875000000000008 0.375 0.21875000000000008 0.375 0.2593750000000001 0.39375 0.2593750000000001
9 0.428125 0.2000000000000001 0.4078125 0.2000000000000001 0.4078125 0.24218750000000008 0.428125 0.24218750000000008
24 0.4578125 0.2312500000000001 0.4359375 0.2312500000000001 0.4359375 0.2734375000000001 0.4578125 0.2734375000000001
30 0.496875 0.2062500000000001 0.475 0.2062500000000001 0.475 0.2562500000000001 0.496875 0.2562500000000001
32 0.584375 0.22812500000000008 0.5609375 0.22812500000000008 0.5609375 0.2765625000000001 0.584375 0.2765625000000001
1 0.13437500000000008 0.653125 0.0906250000000001 0.653125 0.0906250000000001 0.753125 0.13437500000000008 0.753125
12 0.0765625000000001 0.759375 0.03593750000000009 0.759375 0.035937500000000094 0.8484375 0.07656250000000012 0.8484375
15 0.2000000000000001 0.825 0.13437500000000008 0.825 0.1343750000000001 0.94375 0.2000000000000001 0.94375
35 0.04531250000000008 0.6109375 0.012500000000000072 0.6109375 0.012500000000000077 0.68125 0.04531250000000009 0.68125
10 0.10000000000000009 0.5625 0.06562500000000007 0.5625 0.06562500000000007 0.634375 0.10000000000000009 0.634375
29 0.032812500000000064 0.5296875 0.004687500000000065 0.5296875 0.004687500000000068 0.58125 0.032812500000000064 0.58125
11 0.021875000000000065 0.496875 0.001562500000000061 0.496875 0.0015625000000000634 0.5359375 0.021875000000000068 0.5359375