0 0.5546875 0.2453125000000001 0.5328125 0.2453125000000001 0.5328125 0.3031250000000001 0.5546875 0.3031250000000001
32 0.5828125 0.2218750000000001 0.5578125 0.2218750000000001 0.5578125 0.2796875000000001 0.5828125 0.2796875000000001
30 0.496875 0.19843750000000004 0.4734375 0.19843750000000004 0.4734375 0.2484375000000001 0.496875 0.2484375000000001
9 0.43125 0.2000000000000001 0.4125 0.2000000000000001 0.4125 0.24218750000000008 0.43125 0.24218750000000008
26 0.396875 0.2140625000000001 0.3734375 0.2140625000000001 0.3734375 0.2609375000000001 0.396875 0.2609375000000001
6 0.296875 0.2953125 0.2671875 0.2953125 0.2671875 0.346875 0.296875 0.346875
8 0.2515625 0.328125 0.2265625 0.328125 0.22656250000000006 0.371875 0.2515625000000001 0.371875
21 0.21093750000000008 0.371875 0.18125000000000005 0.371875 0.18125000000000005 0.425 0.21093750000000008 0.425
14 0.18750000000000006 0.3234375 0.16250000000000003 0.3234375 0.16250000000000003 0.3765625 0.18750000000000006 0.3765625
17 0.2109375 0.3046875 0.18906250000000005 0.3046875 0.18906250000000005 0.3578125 0.2109375 0.3578125
16 0.234375 0.303125 0.209375 0.303125 0.209375 0.3515625 0.234375 0.3515625
28 0.06718750000000005 0.440625 0.039062500000000056 0.440625 0.039062500000000056 0.4984375 0.06718750000000007 0.4984375
29 0.028125000000000067 0.5203125 6.371990376813572e-17 0.5203125 6.716422289073765e-17 0.5765625 0.028125000000000067 0.5765625
1 0.1390625000000001 0.6515625 0.09375000000000008 0.6515625 0.09375000000000008 0.7359375 0.1390625000000001 0.7359375
12 0.0671875000000001 0.7671875 0.015625000000000094 0.7671875 0.0156250000000001 0.84375 0.06718750000000011 0.84375