33 0.3359375000000001 0.3703125 0.2734375000000001 0.3703125 0.2734375000000001 0.3953125 0.3359375000000001 0.3953125
5 0.2984375 0.3453125 0.2421875 0.3453125 0.24218750000000006 0.3703125 0.2984375000000001 0.3703125
33 0.2765625000000001 0.41875 0.2296875000000001 0.41875 0.2296875000000001 0.4390625 0.2765625000000001 0.4390625
30 0.2468750000000001 0.5046875 0.20312500000000008 0.5046875 0.20312500000000008 0.5234375 0.2468750000000001 0.5234375
9 0.2328125000000001 0.571875 0.2015625000000001 0.571875 0.2015625000000001 0.5875 0.2328125000000001 0.5875
26 0.2484375000000001 0.625 0.21093750000000008 0.625 0.21093750000000008 0.6421875 0.2484375000000001 0.6421875
6 0.3468750000000001 0.703125 0.2968750000000001 0.703125 0.2968750000000001 0.728125 0.3468750000000001 0.728125
8 0.3750000000000001 0.75 0.3343750000000001 0.75 0.3343750000000001 0.771875 0.3750000000000001 0.771875
16 0.3359375000000001 0.753125 0.2906250000000001 0.753125 0.2906250000000001 0.775 0.3359375000000001 0.775
17 0.3531250000000001 0.78125 0.3031250000000001 0.78125 0.3031250000000001 0.8 0.3531250000000001 0.8
14 0.3703125000000001 0.8203125 0.33281250000000007 0.8203125 0.33281250000000007 0.8421875 0.3703125000000001 0.8421875
21 0.4156250000000002 0.7921875 0.3671875000000001 0.7921875 0.3671875000000001 0.8171875 0.4156250000000002 0.8171875
3 0.990625 0.8859375 0.8953125 0.8859375 0.8953125 0.9359375 0.990625 0.9359375
12 0.8484375 0.9265625 0.7734375000000002 0.9265625 0.7734375000000002 0.9640625 0.8484375 0.9640625
1 0.6812500000000001 0.8734375 0.6062500000000002 0.8734375 0.6062500000000002 0.9109375 0.6812500000000001 0.9109375
35 0.6828125000000002 0.9703125 0.6203125000000002 0.9703125 0.6203125000000002 0.9984375 0.6828125000000002 0.9984375
29 0.5578125000000002 0.9625 0.5046875000000002 0.9625 0.5046875000000002 0.984375 0.5578125000000002 0.984375
28 0.4937500000000002 0.9390625 0.44062500000000016 0.9390625 0.44062500000000016 0.9625 0.4937500000000002 0.9625
11 0.5468750000000002 0.9828125 0.49531250000000016 0.9828125 0.49531250000000016 1 0.5468750000000002 1