33 0.3968750000000001 0.65625 0.3625000000000001 0.65625 0.3625000000000001 0.7203125 0.3968750000000001 0.7203125
5 0.3531250000000001 0.671875 0.3265625000000001 0.671875 0.3265625000000001 0.73125 0.3531250000000001 0.73125
0 0.4843750000000001 0.7046875 0.45 0.7046875 0.45000000000000007 0.7609375 0.48437500000000017 0.7609375
32 0.4437500000000001 0.7203125 0.4171875 0.7203125 0.4171875000000001 0.7828125 0.4437500000000002 0.7828125
30 0.5265625000000002 0.7484375 0.5015625000000001 0.7484375 0.5015625000000001 0.8015625 0.5265625000000002 0.8015625
26 0.6296875000000002 0.7390625 0.6046875000000002 0.7390625 0.6046875000000002 0.7921875 0.6296875000000002 0.7921875
9 0.5921875000000002 0.7609375 0.5718750000000001 0.7609375 0.5718750000000001 0.8 0.5921875000000002 0.8
8 0.7703125 0.6203125000000002 0.7484375 0.6203125000000002 0.7484375 0.6671875000000002 0.7703125 0.6671875000000002
14 0.85 0.6328125000000002 0.81875 0.6328125000000002 0.81875 0.6828125000000002 0.85 0.6828125000000002
17 0.8140625 0.6500000000000001 0.78125 0.6500000000000001 0.78125 0.7031250000000002 0.8140625 0.7031250000000002
16 0.7718750000000001 0.6703125000000002 0.74375 0.6703125000000002 0.7437500000000001 0.7265625000000002 0.7718750000000002 0.7265625000000002
6 0.734375 0.6468750000000001 0.696875 0.646875 0.696875 0.7156250000000001 0.734375 0.7156250000000002
37 0.7546875 0.5125000000000001 0.7125 0.5125 0.7125 0.5875000000000001 0.7546875 0.5875000000000001
21 0.8203125 0.5781250000000002 0.7859375 0.5781250000000002 0.7859375 0.6406250000000002 0.8203125 0.6406250000000002
15 0.871875 0.04375000000000011 0.8 0.0437500000000001 0.8 0.1625000000000001 0.871875 0.1625000000000001
1 0.909375 0.22812500000000008 0.85625 0.22812500000000008 0.85625 0.3359375000000001 0.909375 0.3359375000000001
12 0.96875 0.15312500000000012 0.9125 0.15312500000000012 0.9125 0.2562500000000001 0.96875 0.2562500000000001
35 0.9953125 0.3125000000000001 0.9546875 0.3125000000000001 0.9546875 0.3906250000000001 0.9953125 0.3906250000000001
29 0.9984375 0.39531250000000007 0.975 0.39531250000000007 0.975 0.46406250000000016 0.9984375 0.46406250000000016
10 0.9515625 0.3968750000000001 0.9046875 0.3968750000000001 0.9046875 0.45625000000000016 0.9515625 0.45625000000000016
11 0.996875 0.4671875000000002 0.975 0.4671875000000002 0.975 0.5203125000000002 0.996875 0.5203125000000002
36 0.9484375 0.4734375000000002 0.9171875 0.4734375000000002 0.9171875 0.5265625000000002 0.9484375 0.5265625000000002
28 0.9703125 0.5234375000000002 0.9359375 0.5234375000000002 0.9359375 0.5640625000000001 0.9703125 0.5640625000000001