5 0.68125 0.2843750000000001 0.6578125 0.2843750000000001 0.6578125 0.3359375000000001 0.68125 0.3359375000000001
33 0.6390625 0.2906250000000001 0.6140625 0.2906250000000001 0.6140625 0.3453125000000001 0.6390625 0.3453125000000001
0 0.546875 0.2515625000000001 0.528125 0.2515625000000001 0.528125 0.3109375000000001 0.546875 0.3109375000000001
32 0.5828125 0.2312500000000001 0.559375 0.2312500000000001 0.559375 0.2734375000000001 0.5828125 0.2734375000000001
30 0.5 0.2093750000000001 0.4765625 0.2093750000000001 0.4765625 0.2593750000000001 0.5 0.2593750000000001
24 0.4515625 0.2218750000000001 0.428125 0.2218750000000001 0.428125 0.27031250000000007 0.4515625 0.27031250000000007
26 0.396875 0.2218750000000001 0.371875 0.2218750000000001 0.371875 0.2593750000000001 0.396875 0.2593750000000001
9 0.4265625 0.2015625000000001 0.4109375 0.2015625000000001 0.4109375 0.2406250000000001 0.4265625 0.2406250000000001
6 0.3015625 0.296875 0.278125 0.296875 0.278125 0.3578125 0.3015625 0.3578125
17 0.2234375 0.3 0.19531250000000006 0.3 0.19531250000000006 0.34375 0.2234375 0.34375
8 0.25468750000000007 0.3390625 0.2296875 0.3390625 0.22968750000000004 0.38125 0.25468750000000007 0.38125
16 0.2546875 0.2859375 0.2296875 0.2859375 0.2296875 0.325 0.2546875 0.325
14 0.17500000000000004 0.33125 0.15000000000000005 0.33125 0.15000000000000005 0.378125 0.17500000000000004 0.378125
37 0.2843750000000001 0.4203125 0.2500000000000001 0.4203125 0.2500000000000001 0.478125 0.2843750000000001 0.478125
15 0.1984375000000001 0.896875 0.1390625000000001 0.896875 0.13906250000000012 0.9703125 0.19843750000000013 0.9703125
1 0.14062500000000008 0.6734375 0.09375000000000008 0.6734375 0.09375000000000008 0.7484375 0.14062500000000008 0.7484375
12 0.0859375000000001 0.75625 0.03906250000000009 0.75625 0.0390625000000001 0.81875 0.08593750000000011 0.81875
35 0.037500000000000075 0.6109375 7.481826538540861e-17 0.6109375 7.893231322629426e-17 0.678125 0.037500000000000075 0.678125
10 0.09531250000000006 0.5484375 0.06406250000000006 0.5484375 0.06406250000000006 0.6125 0.09531250000000006 0.6125
36 0.07812500000000007 0.475 0.05468750000000007 0.475 0.05468750000000007 0.5296875 0.07812500000000007 0.5296875
29 0.03125000000000007 0.5328125 0.0015625000000000651 0.5328125 0.0015625000000000684 0.5859375 0.03125000000000007 0.5859375
11 0.018750000000000065 0.490625 6.008423358316702e-17 0.490625 6.23804463315683e-17 0.528125 0.018750000000000065 0.528125