0 0.7671875 0.51875 0.6953125 0.51875 0.6953125 0.5437500000000001 0.7671875 0.5437500000000002
32 0.796875 0.5406250000000001 0.728125 0.5406250000000001 0.728125 0.5687500000000002 0.796875 0.5687500000000002
30 0.8140625 0.47187500000000016 0.7484375 0.47187500000000016 0.7484375 0.4968750000000002 0.8140625 0.4968750000000002
9 0.8 0.3984375000000001 0.7609375 0.3984375000000001 0.7609375 0.4234375000000002 0.8 0.4234375000000002
6 0.7015625 0.2718750000000001 0.6484375 0.2718750000000001 0.6484375 0.29375000000000007 0.7015625 0.29375000000000007
8 0.653125 0.2375000000000001 0.60625 0.2375000000000001 0.60625 0.2593750000000001 0.653125 0.2593750000000001
21 0.609375 0.1843750000000001 0.5578125 0.1843750000000001 0.5578125 0.2093750000000001 0.609375 0.2093750000000001
14 0.66875 0.1531250000000001 0.628125 0.1531250000000001 0.628125 0.17968750000000008 0.66875 0.17968750000000008
17 0.7140625 0.19531250000000008 0.6515625 0.19531250000000008 0.6515625 0.2234375000000001 0.7140625 0.2234375000000001
16 0.728125 0.24375000000000008 0.678125 0.24375000000000008 0.678125 0.2656250000000001 0.728125 0.2656250000000001
29 0.4796875 5.4535052774530576e-17 0.4109375 5.032532940246154e-17 0.4109375 0.03281250000000006 0.4796875 0.03281250000000006
1 0.34375 0.08281250000000004 0.25625 0.08281250000000002 0.25625 0.13593750000000004 0.34375 0.13593750000000004
12 0.2734375 0.015625000000000028 0.1984375 0.01562500000000002 0.1984375 0.06562500000000003 0.2734375 0.06562500000000004
3 0.07343750000000002 0.078125 9.567553118338697e-18 0.078125 1.262917011620708e-17 0.128125 0.07343750000000002 0.128125