5 0.66875 0.2375000000000001 0.6421875 0.2375000000000001 0.6421875 0.2968750000000001 0.66875 0.2968750000000001
32 0.584375 0.22031250000000008 0.5546875 0.22031250000000008 0.5546875 0.2828125000000001 0.584375 0.2828125000000001
0 0.553125 0.25468750000000007 0.525 0.25468750000000007 0.525 0.3156250000000001 0.553125 0.3156250000000001
30 0.5015625 0.2000000000000001 0.4703125 0.2000000000000001 0.4703125 0.2515625000000001 0.5015625 0.2515625000000001
26 0.39375 0.2156250000000001 0.36875 0.2156250000000001 0.36875 0.26250000000000007 0.39375 0.26250000000000007
9 0.4234375 0.2000000000000001 0.3984375 0.2000000000000001 0.3984375 0.2515625000000001 0.4234375 0.2515625000000001
6 0.303125 0.3203125 0.28125 0.3203125 0.28125 0.3546875 0.303125 0.3546875
8 0.25312500000000004 0.3359375 0.228125 0.3359375 0.22812500000000005 0.3796875 0.2531250000000001 0.3796875
21 0.21718750000000003 0.3625 0.19375000000000003 0.3625 0.19375000000000003 0.40625 0.2171875000000001 0.40625
14 0.17812500000000003 0.325 0.14843750000000006 0.325 0.14843750000000006 0.3671875 0.17812500000000003 0.3671875
17 0.21875 0.3 0.19843750000000004 0.3 0.19843750000000004 0.34375 0.21875 0.34375
16 0.2703125 0.2671875 0.2453125 0.2671875 0.2453125 0.3234375 0.2703125 0.3234375
28 0.05625000000000006 0.4421875 0.028125000000000056 0.4421875 0.028125000000000056 0.4984375 0.056250000000000064 0.4984375
28 0.08750000000000005 0.4421875 0.05625000000000004 0.4421875 0.05625000000000006 0.4953125 0.08750000000000006 0.4953125
29 0.03125000000000007 0.5015625 0.003125000000000061 0.5015625 0.0031250000000000652 0.5625 0.03125000000000007 0.5625
35 0.037500000000000075 0.6 0.0046875000000000736 0.6 0.004687500000000078 0.6640625 0.037500000000000075 0.6640625
1 0.1546875000000001 0.6703125 0.10937500000000008 0.6703125 0.10937500000000008 0.74375 0.1546875000000001 0.74375
12 0.0796875000000001 0.771875 0.0421875000000001 0.771875 0.0421875000000001 0.834375 0.0796875000000001 0.834375
3 0.1187500000000001 0.9015625 0.06718750000000011 0.9015625 0.06718750000000012 1 0.11875000000000013 1