33 0.3531250000000001 0.3859375 0.2828125000000001 0.3859375 0.2828125000000001 0.4125 0.3531250000000001 0.4125
5 0.29218750000000004 0.3453125 0.2265625 0.3453125 0.22656250000000006 0.375 0.2921875000000001 0.375
0 0.2875000000000001 0.453125 0.23437500000000008 0.453125 0.23437500000000008 0.484375 0.2875000000000001 0.484375
33 0.2812500000000001 0.41875 0.2250000000000001 0.41875 0.2250000000000001 0.440625 0.2812500000000001 0.440625
30 0.2515625000000001 0.5 0.19843750000000004 0.5 0.19843750000000004 0.5265625 0.2515625000000001 0.5265625
26 0.2640625000000001 0.5984375 0.2140625000000001 0.5984375 0.2140625000000001 0.6296875 0.2640625000000001 0.6296875
9 0.2484375000000001 0.5640625 0.19531250000000008 0.5640625 0.19531250000000008 0.5890625 0.2484375000000001 0.5890625
6 0.3546875000000001 0.6921875 0.2921875000000001 0.6921875 0.2921875000000001 0.7296875 0.3546875000000001 0.7296875
37 0.48125000000000007 0.7234375 0.40625 0.7234375 0.4062500000000001 0.7578125 0.4812500000000002 0.7578125
21 0.42187500000000017 0.7796875 0.3671875000000001 0.7796875 0.3671875000000001 0.815625 0.42187500000000017 0.815625
8 0.38750000000000007 0.7546875 0.3390625000000001 0.7546875 0.3390625000000001 0.78125 0.38750000000000007 0.78125
14 0.3765625000000001 0.81875 0.3140625000000001 0.81875 0.3140625000000001 0.8484375 0.3765625000000001 0.8484375
17 0.34843750000000007 0.78125 0.2921875000000001 0.78125 0.2921875000000001 0.80625 0.34843750000000007 0.80625
16 0.3343750000000001 0.75 0.2875000000000001 0.75 0.2875000000000001 0.7796875 0.3343750000000001 0.7796875
15 0.9328125 0.803125 0.8234375 0.803125 0.8234375 0.86875 0.9328125 0.86875
1 0.7453125000000002 0.846875 0.6546875000000002 0.846875 0.6546875000000002 0.9109375 0.7453125000000002 0.9109375
12 0.8578125 0.91875 0.7656250000000002 0.91875 0.7656250000000002 0.978125 0.8578125 0.978125
10 0.6546875000000002 0.9 0.5609375000000002 0.9 0.5609375000000002 0.9359375 0.6546875000000002 0.9359375
35 0.6859375000000002 0.959375 0.6093750000000002 0.959375 0.6093750000000002 0.9984375 0.6859375000000002 0.9984375
36 0.5140625000000002 0.9203125 0.4515625000000002 0.9203125 0.4515625000000002 0.953125 0.5140625000000002 0.953125
29 0.5828125000000002 0.965625 0.5203125000000002 0.965625 0.5203125000000002 0.9953125 0.5828125000000002 0.9953125