32 0.5875 0.21250000000000008 0.5546875 0.21250000000000008 0.5546875 0.2796875000000001 0.5875 0.2796875000000001
0 0.5546875 0.24218750000000008 0.5265625 0.24218750000000008 0.5265625 0.3312500000000001 0.5546875 0.3312500000000001
30 0.5015625 0.2000000000000001 0.465625 0.2000000000000001 0.465625 0.2578125000000001 0.5015625 0.2578125000000001
9 0.4265625 0.19375000000000003 0.3984375 0.19375000000000003 0.3984375 0.2515625000000001 0.4265625 0.2515625000000001
26 0.3828125 0.22343750000000004 0.353125 0.2234375 0.353125 0.28906250000000006 0.3828125 0.2890625000000001
6 0.3078125 0.3015625 0.275 0.3015625 0.275 0.3609375 0.3078125 0.3609375
8 0.25625000000000003 0.3328125 0.225 0.3328125 0.22500000000000003 0.396875 0.2562500000000001 0.396875
21 0.2171875000000001 0.3671875 0.18593750000000003 0.3671875 0.18593750000000003 0.43125 0.2171875000000001 0.43125
16 0.2671875 0.275 0.2390625 0.275 0.2390625 0.328125 0.2671875 0.328125
17 0.2203125 0.2984375 0.18906250000000005 0.2984375 0.18906250000000005 0.3515625 0.2203125 0.3515625
14 0.17968750000000006 0.321875 0.14843750000000006 0.321875 0.14843750000000006 0.3734375 0.17968750000000006 0.3734375
28 0.06250000000000006 0.4171875 0.03593750000000005 0.4171875 0.03593750000000005 0.478125 0.06250000000000007 0.478125
11 0.032812500000000064 0.453125 0.006250000000000056 0.453125 0.006250000000000059 0.5171875 0.032812500000000064 0.5171875
29 0.045312500000000075 0.534375 0.012500000000000067 0.534375 0.01250000000000007 0.6109375 0.045312500000000075 0.6109375
1 0.1515625000000001 0.65625 0.09687500000000009 0.65625 0.09687500000000009 0.7453125 0.1515625000000001 0.7453125
3 0.12343750000000012 0.8921875 0.057812500000000114 0.8921875 0.05781250000000012 1 0.12343750000000013 1