32 0.5843750000000002 0.73125 0.5625000000000002 0.73125 0.5625000000000002 0.778125 0.5843750000000002 0.778125
0 0.5484375000000001 0.71875 0.5234375 0.71875 0.5234375000000001 0.771875 0.5484375000000001 0.771875
30 0.4984375000000002 0.759375 0.4734375000000002 0.759375 0.4734375000000002 0.8078125 0.4984375000000002 0.8078125
26 0.3921875000000001 0.728125 0.3734375000000001 0.728125 0.3734375000000001 0.76875 0.3921875000000001 0.76875
9 0.4265625000000002 0.7625 0.4078125000000002 0.7625 0.4078125000000002 0.8 0.4265625000000002 0.8
14 0.1671875000000001 0.615625 0.1453125000000001 0.615625 0.1453125000000001 0.6625 0.1671875000000001 0.6625
17 0.2171875000000001 0.65625 0.1921875000000001 0.65625 0.1921875000000001 0.703125 0.2171875000000001 0.703125
16 0.2593750000000001 0.678125 0.2375000000000001 0.678125 0.2375000000000001 0.7265625 0.2593750000000001 0.7265625
6 0.3000000000000001 0.6546875 0.2750000000000001 0.6546875 0.2750000000000001 0.7109375 0.3000000000000001 0.7109375
8 0.2531250000000001 0.6234375 0.22812500000000008 0.6234375 0.22812500000000008 0.671875 0.2531250000000001 0.671875
21 0.21875000000000008 0.5765625 0.1937500000000001 0.5765625 0.1937500000000001 0.634375 0.21875000000000008 0.634375
29 0.04062500000000006 0.409375 0.00625000000000005 0.409375 0.006250000000000054 0.46875 0.04062500000000006 0.46875
12 0.05468750000000002 0.16875 0.006250000000000019 0.16875 0.006250000000000025 0.25 0.05468750000000002 0.25
1 0.13437500000000005 0.259375 0.09062500000000002 0.259375 0.09062500000000004 0.353125 0.13437500000000005 0.353125
3 0.10625 0.00625000000000001 0.05 0.0062500000000000056 0.05000000000000001 0.1125 0.10625 0.1125