33 0.6390625 0.2812500000000001 0.603125 0.2812500000000001 0.603125 0.3453125000000001 0.6390625 0.3453125000000001
5 0.6734375 0.27031250000000007 0.646875 0.27031250000000007 0.646875 0.3296875000000001 0.6734375 0.3296875000000001
0 0.55 0.2390625000000001 0.515625 0.2390625000000001 0.515625 0.2953125000000001 0.55 0.2953125000000001
32 0.584375 0.2171875000000001 0.5578125 0.2171875000000001 0.5578125 0.2796875000000001 0.584375 0.2796875000000001
30 0.4984375 0.19843750000000004 0.4734375 0.19843750000000004 0.4734375 0.2515625000000001 0.4984375 0.2515625000000001
26 0.396875 0.2078125000000001 0.3703125 0.2078125000000001 0.3703125 0.2609375000000001 0.396875 0.2609375000000001
9 0.4296875 0.2015625000000001 0.409375 0.2015625000000001 0.409375 0.2406250000000001 0.4296875 0.2406250000000001
8 0.2515625 0.334375 0.2296875 0.334375 0.22968750000000004 0.38125 0.2515625000000001 0.38125
14 0.18125000000000005 0.3171875 0.15000000000000005 0.3171875 0.15000000000000005 0.36875 0.18125000000000005 0.36875
17 0.21875 0.296875 0.18593750000000003 0.296875 0.18593750000000003 0.3515625 0.21875 0.3515625
16 0.25625 0.275 0.228125 0.275 0.228125 0.3296875 0.25625 0.3296875
6 0.303125 0.284375 0.2671875 0.284375 0.2671875 0.353125 0.303125 0.353125
37 0.2890625000000001 0.4140625 0.2468750000000001 0.4140625 0.2468750000000001 0.4875 0.2890625000000001 0.4875
21 0.21406250000000004 0.3609375 0.17968750000000006 0.3609375 0.17968750000000006 0.4234375 0.2140625000000001 0.4234375
15 0.2015625000000001 0.8375 0.1281250000000001 0.8375 0.1281250000000001 0.9578125 0.2015625000000001 0.9578125
1 0.1437500000000001 0.6640625 0.0906250000000001 0.6640625 0.0906250000000001 0.771875 0.1437500000000001 0.771875
12 0.0875000000000001 0.7453125 0.03125000000000009 0.7453125 0.0312500000000001 0.846875 0.0875000000000001 0.846875
35 0.04531250000000008 0.6109375 0.006250000000000075 0.6109375 0.006250000000000079 0.6875 0.04531250000000009 0.6875
29 0.02500000000000007 0.5359375 0.001562500000000066 0.5359375 0.0015625000000000701 0.60625 0.025000000000000078 0.60625
10 0.09531250000000006 0.54375 0.048437500000000064 0.54375 0.04843750000000007 0.603125 0.09531250000000006 0.603125
11 0.026562500000000062 0.48125 0.0031250000000000583 0.48125 0.0031250000000000618 0.534375 0.026562500000000065 0.534375
36 0.08281250000000007 0.4734375 0.05156250000000007 0.4734375 0.05156250000000007 0.528125 0.08281250000000007 0.528125
28 0.06406250000000005 0.4359375 0.031250000000000056 0.4359375 0.031250000000000056 0.4765625 0.06406250000000006 0.4765625