5 0.7578125 0.33281250000000007 0.6953125 0.33281250000000007 0.6953125 0.3546875000000001 0.7578125 0.3546875000000001
33 0.7296875 0.37968750000000007 0.6703125 0.37968750000000007 0.6703125 0.4046875000000001 0.7296875 0.4046875000000002
32 0.7828125 0.4156250000000001 0.7171875 0.415625 0.7171875 0.44218750000000007 0.7828125 0.4421875000000002
0 0.75625 0.45781250000000007 0.703125 0.4578125 0.703125 0.4859375000000001 0.75625 0.4859375000000002
30 0.8078125 0.5078125000000002 0.7578125 0.5078125000000002 0.7578125 0.5296875000000002 0.8078125 0.5296875000000002
9 0.8015625 0.5718750000000001 0.7546875 0.5718750000000001 0.7546875 0.5906250000000002 0.8015625 0.5906250000000002
26 0.7875 0.6203125000000002 0.746875 0.6203125000000002 0.746875 0.6500000000000001 0.7875 0.6500000000000001
6 0.69375 0.7015625 0.64375 0.7015625 0.64375 0.7234375 0.69375 0.7234375
17 0.6921875000000002 0.778125 0.6515625000000002 0.778125 0.6515625000000002 0.803125 0.6921875000000002 0.803125
8 0.6640625000000002 0.75 0.6218750000000002 0.75 0.6218750000000002 0.771875 0.6640625000000002 0.771875
16 0.7015625000000002 0.7546875 0.6703125000000002 0.7546875 0.6703125000000002 0.7734375 0.7015625000000002 0.7734375
14 0.6781250000000002 0.821875 0.6312500000000002 0.821875 0.6312500000000002 0.8546875 0.6781250000000002 0.8546875
21 0.6328125000000002 0.78125 0.5843750000000002 0.78125 0.5843750000000002 0.8125 0.6328125000000002 0.8125
36 0.5234375000000002 0.925 0.4828125000000002 0.925 0.4828125000000002 0.9515625 0.5234375000000002 0.9515625
29 0.4656250000000002 0.96875 0.4156250000000002 0.96875 0.4156250000000002 0.9984375 0.4656250000000002 0.9984375
10 0.44843750000000016 0.9078125 0.3890625000000001 0.9078125 0.3890625000000001 0.9328125 0.44843750000000016 0.9328125
35 0.39531250000000007 0.9734375 0.3359375000000001 0.9734375 0.3359375000000001 0.9984375 0.39531250000000007 0.9984375
1 0.33281250000000007 0.85 0.2500000000000001 0.85 0.2500000000000001 0.8796875 0.33281250000000007 0.8796875
12 0.2156250000000001 0.9203125 0.14687500000000014 0.9203125 0.14687500000000014 0.95625 0.2156250000000001 0.95625
3 0.0953125000000001 0.8875 0.007812500000000108 0.8875 0.007812500000000113 0.9453125 0.0953125000000001 0.9453125