33 0.3359375000000001 0.5890625 0.2750000000000001 0.5890625 0.2750000000000001 0.6140625 0.3359375000000001 0.6140625
0 0.3125000000000001 0.53125 0.2593750000000001 0.53125 0.2593750000000001 0.553125 0.3125000000000001 0.553125
32 0.27812500000000007 0.5609375 0.22812500000000008 0.5609375 0.22812500000000008 0.5828125 0.27812500000000007 0.5828125
30 0.2531250000000001 0.478125 0.2093750000000001 0.478125 0.2093750000000001 0.5 0.2531250000000001 0.5
9 0.2375000000000001 0.4171875 0.19843750000000004 0.4171875 0.19843750000000004 0.434375 0.2375000000000001 0.434375
26 0.26250000000000007 0.3734375 0.2156250000000001 0.3734375 0.2156250000000001 0.3953125 0.26250000000000007 0.3953125
6 0.3484375 0.2796875 0.2953125 0.2796875 0.2953125 0.3015625 0.3484375 0.3015625
8 0.3796875 0.23281250000000003 0.33125 0.2328125 0.33125 0.25312500000000004 0.3796875 0.2531250000000001
21 0.4125 0.18906250000000005 0.365625 0.18906250000000005 0.365625 0.2171875000000001 0.4125 0.2171875000000001
37 0.4671875 0.2406250000000001 0.4078125 0.2406250000000001 0.4078125 0.2687500000000001 0.4671875 0.2687500000000001
14 0.36875 0.15625000000000006 0.321875 0.15625000000000006 0.321875 0.17812500000000003 0.36875 0.17812500000000003
17 0.3484375 0.19531250000000006 0.3015625 0.19531250000000006 0.3015625 0.21875 0.3484375 0.21875
16 0.33125 0.2265625 0.284375 0.2265625 0.284375 0.2484375 0.33125 0.2484375
36 0.5171875 0.050000000000000065 0.4640625 0.050000000000000065 0.4640625 0.07812500000000007 0.5171875 0.07812500000000007
29 0.5578125 0.007812500000000066 0.5078125 0.00781250000000006 0.5078125 0.032812500000000064 0.5578125 0.032812500000000064
35 0.6953125 0.006250000000000082 0.6296875 0.0062500000000000775 0.6296875 0.03750000000000008 0.6953125 0.03750000000000009
10 0.6265625 0.07031250000000007 0.5484375 0.07031250000000007 0.5484375 0.09843750000000007 0.6265625 0.09843750000000007
1 0.7546875 0.11562500000000009 0.6765625 0.11562500000000009 0.6765625 0.1531250000000001 0.7546875 0.1531250000000001
12 0.8515625 0.029687500000000096 0.7703125 0.02968750000000009 0.7703125 0.0734375000000001 0.8515625 0.07343750000000011
15 0.965625 0.1281250000000001 0.859375 0.1281250000000001 0.859375 0.1906250000000001 0.965625 0.19062500000000013