0 0.5562500000000001 0.7015625 0.525 0.7015625 0.5250000000000001 0.7609375 0.5562500000000001 0.7609375
32 0.5828125000000001 0.7078125 0.5578125 0.7078125 0.5578125 0.7796875 0.5828125000000002 0.7796875
26 0.3968750000000001 0.7328125 0.3687500000000001 0.7328125 0.3687500000000001 0.809375 0.3968750000000001 0.809375
9 0.4390625000000002 0.7453125 0.40937500000000016 0.7453125 0.40937500000000016 0.8109375 0.4390625000000002 0.8109375
30 0.4984375000000002 0.75 0.47187500000000016 0.75 0.47187500000000016 0.7984375 0.4984375000000002 0.7984375
21 0.2156250000000001 0.575 0.1937500000000001 0.575 0.1937500000000001 0.6265625 0.2156250000000001 0.6265625
8 0.2562500000000001 0.6078125 0.21875000000000008 0.6078125 0.21875000000000008 0.6640625 0.2562500000000001 0.6640625
6 0.3062500000000001 0.6484375 0.2750000000000001 0.6484375 0.2750000000000001 0.7046875 0.3062500000000001 0.7046875
14 0.1765625000000001 0.6203125 0.15000000000000008 0.6203125 0.15000000000000008 0.6796875 0.1765625000000001 0.6796875
17 0.2140625000000001 0.6484375 0.18906250000000008 0.6484375 0.18906250000000008 0.7046875 0.2140625000000001 0.7046875
16 0.2640625000000001 0.675 0.2328125000000001 0.675 0.2328125000000001 0.728125 0.2640625000000001 0.728125
3 0.1203125 0.012500000000000015 0.0703125 0.012500000000000011 0.07031250000000001 0.1125 0.1203125 0.1125
1 0.15312500000000004 0.265625 0.08750000000000002 0.265625 0.08750000000000004 0.35625 0.15312500000000004 0.35625
12 0.09218750000000002 0.1625 0.042187500000000024 0.1625 0.04218750000000003 0.265625 0.09218750000000002 0.265625
35 0.03593750000000004 0.315625 0.001562500000000039 0.315625 0.001562500000000044 0.4015625 0.035937500000000046 0.4015625
10 0.09062500000000004 0.3765625 0.04687500000000004 0.3765625 0.04687500000000005 0.4453125 0.09062500000000004 0.4453125
29 0.04062500000000006 0.4140625 0.01250000000000005 0.4140625 0.012500000000000056 0.4765625 0.04062500000000006 0.4765625
36 0.08125000000000007 0.465625 0.04375000000000005 0.465625 0.04375000000000006 0.528125 0.08125000000000007 0.528125
5 0.6562500000000001 0.6953125 0.6265625 0.6953125 0.6265625000000001 0.7734375 0.6562500000000002 0.7734375