32 0.27031250000000007 0.5625 0.2234375000000001 0.5625 0.2234375000000001 0.584375 0.27031250000000007 0.584375
0 0.2828125000000001 0.5234375 0.2296875000000001 0.5234375 0.2296875000000001 0.5484375 0.2828125000000001 0.5484375
30 0.24218750000000008 0.4734375 0.19375000000000003 0.4734375 0.19375000000000003 0.4984375 0.24218750000000008 0.4984375
26 0.2718750000000001 0.3734375 0.2312500000000001 0.3734375 0.2312500000000001 0.3921875 0.2718750000000001 0.3921875
9 0.2390625000000001 0.4078125 0.2015625000000001 0.4078125 0.2015625000000001 0.4265625 0.2390625000000001 0.4265625
14 0.3859375 0.14531250000000004 0.3390625 0.14531250000000004 0.3390625 0.16718750000000004 0.3859375 0.16718750000000004
17 0.34375 0.19218750000000004 0.296875 0.19218750000000004 0.296875 0.2171875 0.34375 0.2171875
16 0.3234375 0.2375 0.275 0.2375 0.275 0.259375 0.3234375 0.259375
6 0.3453125 0.275 0.2890625 0.275 0.2890625 0.3 0.3453125 0.3
8 0.378125 0.22812500000000005 0.3296875 0.228125 0.3296875 0.25312500000000004 0.378125 0.2531250000000001
21 0.4234375 0.19375000000000003 0.365625 0.19375000000000003 0.365625 0.21875000000000008 0.4234375 0.21875000000000008
29 0.590625 0.006250000000000068 0.53125 0.006250000000000064 0.53125 0.04062500000000007 0.590625 0.04062500000000008
12 0.83125 0.0062500000000000975 0.75 0.006250000000000091 0.75 0.0546875000000001 0.83125 0.05468750000000011
1 0.740625 0.0906250000000001 0.646875 0.0906250000000001 0.646875 0.13437500000000008 0.740625 0.13437500000000008
3 0.9953125 0.050000000000000114 0.8890625 0.050000000000000114 0.8890625 0.10625000000000011 0.9953125 0.10625000000000014