5 0.35625000000000007 0.7390625 0.3234375000000001 0.7390625 0.3234375000000001 0.7984375 0.35625000000000007 0.7984375
32 0.44218750000000007 0.721875 0.41875 0.721875 0.41875000000000007 0.778125 0.4421875000000002 0.778125
0 0.4718750000000001 0.703125 0.4453125 0.703125 0.4453125000000001 0.7578125 0.47187500000000016 0.7578125
30 0.5281250000000002 0.7578125 0.5031250000000002 0.7578125 0.5031250000000002 0.7984375 0.5281250000000002 0.7984375
26 0.6234375000000002 0.734375 0.6015625000000002 0.734375 0.6015625000000002 0.7796875 0.6234375000000002 0.7796875
9 0.6046875000000002 0.75 0.5828125000000002 0.75 0.5828125000000002 0.7859375 0.6046875000000002 0.7859375
6 0.725 0.65625 0.7 0.65625 0.7 0.70625 0.725 0.70625
8 0.775 0.6265625000000001 0.75 0.6265625000000001 0.75 0.6734375000000001 0.775 0.6734375000000001
14 0.8515625 0.6328125000000002 0.8296875 0.6328125000000002 0.8296875 0.6750000000000002 0.8515625 0.6750000000000002
17 0.8015625 0.6515625000000002 0.78125 0.6515625000000002 0.78125 0.7000000000000002 0.8015625 0.7000000000000002
16 0.771875 0.6687500000000002 0.7515625 0.6687500000000002 0.7515625 0.7125000000000001 0.771875 0.7125000000000001
11 1 0.45625000000000016 0.978125 0.45625000000000016 0.978125 0.5062500000000002 1 0.5062500000000002
29 0.9890625 0.40937500000000016 0.9609375 0.40937500000000016 0.9609375 0.46875000000000017 0.9890625 0.46875000000000017
1 0.903125 0.2562500000000001 0.85625 0.2562500000000001 0.85625 0.35625000000000007 0.903125 0.35625000000000007
12 0.9796875 0.14843750000000014 0.9375 0.14843750000000014 0.9375 0.2406250000000001 0.9796875 0.2406250000000001
3 0.9296875 0.00937500000000011 0.8859375 0.009375000000000109 0.8859375 0.11250000000000011 0.9296875 0.11250000000000013
28 0.9578125 0.5062500000000002 0.9359375 0.5062500000000002 0.9359375 0.5593750000000002 0.9578125 0.5593750000000002