5 0.6781250000000002 0.7390625 0.6453125000000002 0.7390625 0.6453125000000002 0.7984375 0.6781250000000002 0.7984375
32 0.5828125000000001 0.721875 0.559375 0.721875 0.5593750000000001 0.778125 0.5828125000000002 0.778125
0 0.5562500000000001 0.703125 0.5296875 0.703125 0.5296875000000001 0.7578125 0.5562500000000001 0.7578125
30 0.4984375000000002 0.7578125 0.4734375000000002 0.7578125 0.4734375000000002 0.7984375 0.4984375000000002 0.7984375
26 0.3984375000000001 0.734375 0.3765625000000001 0.734375 0.3765625000000001 0.7796875 0.3984375000000001 0.7796875
9 0.41718750000000016 0.75 0.3968750000000001 0.75 0.3968750000000001 0.7859375 0.41718750000000016 0.7859375
6 0.3000000000000001 0.65625 0.2750000000000001 0.65625 0.2750000000000001 0.70625 0.3000000000000001 0.70625
8 0.2515625000000001 0.6265625 0.22656250000000008 0.6265625 0.22656250000000008 0.6734375 0.2515625000000001 0.6734375
14 0.17187500000000008 0.6328125 0.15000000000000008 0.6328125 0.15000000000000008 0.675 0.17187500000000008 0.675
17 0.22031250000000008 0.6515625 0.2000000000000001 0.6515625 0.2000000000000001 0.7 0.22031250000000008 0.7
16 0.2484375000000001 0.66875 0.22812500000000008 0.66875 0.22812500000000008 0.7125 0.2484375000000001 0.7125
11 0.02343750000000006 0.45625 0.0015625000000000562 0.45625 0.001562500000000059 0.50625 0.023437500000000062 0.50625
29 0.039062500000000056 0.409375 0.01093750000000005 0.409375 0.010937500000000055 0.46875 0.039062500000000056 0.46875
1 0.14531250000000004 0.2546875 0.09687500000000002 0.2546875 0.09687500000000003 0.35625 0.14531250000000004 0.35625
12 0.06406250000000002 0.1484375 0.021875000000000016 0.1484375 0.021875000000000023 0.240625 0.06406250000000002 0.240625
3 0.1140625 0.009375000000000012 0.0703125 0.009375000000000008 0.07031250000000001 0.1125 0.1140625 0.1125
28 0.06406250000000006 0.50625 0.042187500000000065 0.50625 0.042187500000000065 0.559375 0.06406250000000006 0.559375