5 0.3062500000000001 0.6453125 0.24375000000000008 0.6453125 0.24375000000000008 0.6671875 0.3062500000000001 0.6671875
33 0.3312500000000001 0.596875 0.2718750000000001 0.596875 0.2718750000000001 0.621875 0.3312500000000001 0.621875
32 0.2843750000000001 0.559375 0.21875000000000008 0.559375 0.21875000000000008 0.5859375 0.2843750000000001 0.5859375
0 0.2968750000000001 0.515625 0.24375000000000008 0.515625 0.24375000000000008 0.54375 0.2968750000000001 0.54375
30 0.24375000000000008 0.4703125 0.19375000000000003 0.4703125 0.19375000000000003 0.4921875 0.24375000000000008 0.4921875
9 0.2453125000000001 0.4109375 0.19843750000000004 0.4109375 0.19843750000000004 0.4296875 0.2453125000000001 0.4296875
26 0.25312500000000004 0.3515625 0.2125 0.3515625 0.21250000000000005 0.38125 0.2531250000000001 0.38125
6 0.35625 0.2765625 0.30625 0.2765625 0.30625 0.2984375 0.35625 0.2984375
17 0.35 0.19687500000000005 0.309375 0.19687500000000005 0.309375 0.221875 0.35 0.221875
8 0.3796875 0.22968750000000004 0.3375 0.2296875 0.3375 0.2515625 0.3796875 0.2515625000000001
16 0.3296875 0.228125 0.2984375 0.228125 0.2984375 0.246875 0.3296875 0.246875
14 0.3703125 0.14531250000000004 0.3234375 0.14531250000000004 0.3234375 0.17812500000000003 0.3703125 0.17812500000000003
21 0.415625 0.18750000000000006 0.3671875 0.18750000000000006 0.3671875 0.21875000000000008 0.415625 0.21875000000000008
36 0.5171875 0.050000000000000065 0.4765625 0.050000000000000065 0.4765625 0.07656250000000006 0.5171875 0.07656250000000006
29 0.584375 0.0031250000000000687 0.534375 0.0031250000000000652 0.534375 0.032812500000000064 0.584375 0.032812500000000064
10 0.6125 0.06718750000000007 0.553125 0.06718750000000007 0.553125 0.09218750000000006 0.6125 0.09218750000000006
35 0.6640625 0.003125000000000078 0.6046875 0.0031250000000000735 0.6046875 0.028125000000000077 0.6640625 0.028125000000000077
1 0.75 0.1218750000000001 0.6671875 0.1218750000000001 0.6671875 0.1515625000000001 0.75 0.1515625000000001
12 0.853125 0.0437500000000001 0.784375 0.0437500000000001 0.784375 0.0796875000000001 0.853125 0.0796875000000001
3 0.99375 0.05468750000000011 0.90625 0.05468750000000011 0.90625 0.11250000000000011 0.99375 0.11250000000000013