0 0.54375 0.23437500000000008 0.51875 0.23437500000000008 0.51875 0.3062500000000001 0.54375 0.3062500000000001
32 0.56875 0.20468750000000008 0.540625 0.20468750000000008 0.540625 0.2734375000000001 0.56875 0.2734375000000001
30 0.496875 0.18750000000000006 0.4703125 0.18750000000000006 0.4703125 0.2515625000000001 0.496875 0.2515625000000001
9 0.4234375 0.2000000000000001 0.3984375 0.2000000000000001 0.3984375 0.2390625000000001 0.4234375 0.2390625000000001
6 0.29375 0.2984375 0.271875 0.2984375 0.271875 0.3515625 0.29375 0.3515625
8 0.259375 0.3484375 0.2375 0.3484375 0.23750000000000004 0.3953125 0.2593750000000001 0.3953125
21 0.2093750000000001 0.390625 0.18437500000000004 0.390625 0.18437500000000004 0.4421875 0.2093750000000001 0.4421875
14 0.17968750000000006 0.33125 0.15312500000000004 0.33125 0.15312500000000004 0.3734375 0.17968750000000006 0.3734375
17 0.2234375 0.2859375 0.19531250000000006 0.2859375 0.19531250000000006 0.3484375 0.2234375 0.3484375
16 0.265625 0.271875 0.2421875 0.271875 0.2421875 0.321875 0.265625 0.321875
29 0.03281250000000007 0.521875 6.39112548305025e-17 0.521875 6.812097820257152e-17 0.590625 0.03281250000000008 0.590625
1 0.1359375000000001 0.6578125 0.0828125000000001 0.6578125 0.0828125000000001 0.7453125 0.1359375000000001 0.7453125
12 0.06562500000000009 0.7265625 0.01562500000000009 0.7265625 0.015625000000000094 0.803125 0.06562500000000009 0.803125
3 0.12656250000000013 0.9265625 0.07812500000000011 0.9265625 0.07812500000000012 1 0.12656250000000013 1