0 0.7515625 0.5296875000000001 0.6921875 0.5296875 0.6921875 0.5578125 0.7515625 0.5578125000000002
32 0.784375 0.5671875000000001 0.71875 0.5671875 0.71875 0.5953125000000001 0.784375 0.5953125000000001
30 0.803125 0.47968750000000016 0.75 0.47968750000000016 0.75 0.5015625000000001 0.803125 0.5015625000000001
26 0.7859375 0.3765625000000001 0.7328125 0.3765625000000001 0.7328125 0.40156250000000016 0.7859375 0.40156250000000016
9 0.8109375 0.40625000000000017 0.7671875 0.40625000000000017 0.7671875 0.4281250000000002 0.8109375 0.4281250000000002
21 0.63125 0.1843750000000001 0.571875 0.1843750000000001 0.571875 0.21250000000000008 0.63125 0.21250000000000008
8 0.6765625 0.22812500000000008 0.6109375 0.22812500000000008 0.6109375 0.2593750000000001 0.6765625 0.2593750000000001
6 0.70625 0.2765625000000001 0.640625 0.2765625000000001 0.640625 0.3031250000000001 0.70625 0.3031250000000001
14 0.68125 0.1546875000000001 0.621875 0.1546875000000001 0.621875 0.1828125000000001 0.68125 0.1828125000000001
17 0.7140625 0.19531250000000008 0.6390625 0.19531250000000008 0.6390625 0.22031250000000008 0.7140625 0.22031250000000008
16 0.7328125 0.2453125000000001 0.671875 0.2453125000000001 0.671875 0.2671875000000001 0.7328125 0.2671875000000001
11 0.5078125 0.00156250000000006 0.46875 0.0015625000000000575 0.46875 0.017187500000000057 0.5078125 0.01718750000000006
14 0.565625 0.03750000000000007 0.503125 0.03750000000000007 0.503125 0.07187500000000006 0.565625 0.07187500000000006
1 0.3609375 0.10000000000000005 0.2609375 0.10000000000000005 0.2609375 0.14687500000000003 0.3609375 0.14687500000000003
12 0.2453125 0.02031250000000002 0.1328125 0.020312500000000018 0.1328125 0.06562500000000002 0.2453125 0.06562500000000002
12 0.4734375 0.007812500000000052 0.3765625 0.007812500000000047 0.3765625 0.04531250000000005 0.4734375 0.045312500000000054
3 0.109375 0.06406250000000001 0.018750000000000006 0.0640625 0.01875000000000001 0.1203125 0.109375 0.1203125