33 0.34843750000000007 0.6078125 0.2890625000000001 0.6078125 0.2890625000000001 0.6328125 0.34843750000000007 0.6328125
5 0.3296875000000001 0.646875 0.27031250000000007 0.646875 0.27031250000000007 0.675 0.3296875000000001 0.675
32 0.2812500000000001 0.559375 0.2218750000000001 0.559375 0.2218750000000001 0.584375 0.2812500000000001 0.584375
0 0.3000000000000001 0.5109375 0.2468750000000001 0.5109375 0.2468750000000001 0.5328125 0.3000000000000001 0.5328125
24 0.27812500000000007 0.4375 0.22812500000000008 0.4375 0.22812500000000008 0.4625 0.27812500000000007 0.4625
30 0.2515625000000001 0.478125 0.20468750000000008 0.478125 0.20468750000000008 0.496875 0.2515625000000001 0.496875
26 0.2656250000000001 0.375 0.2218750000000001 0.375 0.2218750000000001 0.4 0.2656250000000001 0.4
9 0.2468750000000001 0.4125 0.2000000000000001 0.4125 0.2000000000000001 0.434375 0.2468750000000001 0.434375
34 0.4203125 0.4328125 0.3578125000000001 0.4328125 0.3578125000000001 0.4703125 0.4203125 0.4703125
38 0.4984375 0.38750000000000007 0.4265625 0.38750000000000007 0.4265625 0.421875 0.4984375 0.421875
7 0.5703125 0.33281250000000007 0.4953125 0.33281250000000007 0.4953125 0.3687500000000001 0.5703125 0.3687500000000001
13 0.434375 0.30937500000000007 0.378125 0.30937500000000007 0.378125 0.3343750000000001 0.434375 0.3343750000000001
37 0.4734375 0.2562500000000001 0.421875 0.2562500000000001 0.421875 0.2906250000000001 0.4734375 0.2906250000000001
6 0.3515625 0.2828125 0.2953125 0.2828125 0.2953125 0.3015625 0.3515625 0.3015625
8 0.3796875 0.23125000000000004 0.3421875 0.23125 0.3421875 0.25000000000000006 0.3796875 0.2500000000000001
21 0.415625 0.18125000000000005 0.3703125 0.18125000000000005 0.3703125 0.2062500000000001 0.415625 0.2062500000000001
14 0.3671875 0.17500000000000004 0.321875 0.17500000000000004 0.321875 0.19687500000000005 0.3671875 0.19687500000000005
17 0.35 0.19843750000000004 0.30625 0.19843750000000004 0.30625 0.2171875 0.35 0.2171875
15 0.94375 0.1562500000000001 0.84375 0.15625000000000008 0.84375 0.2078125000000001 0.94375 0.2078125000000001
36 0.515625 0.05937500000000007 0.471875 0.05937500000000007 0.471875 0.07812500000000007 0.515625 0.07812500000000007
29 0.5625 0.004687500000000066 0.5140625 0.004687500000000062 0.5140625 0.025000000000000067 0.5625 0.025000000000000067
10 0.64375 0.07031250000000008 0.5875 0.07031250000000007 0.5875 0.1062500000000001 0.64375 0.1062500000000001
35 0.690625 0.01718750000000008 0.634375 0.017187500000000078 0.634375 0.04531250000000008 0.690625 0.04531250000000009
1 0.759375 0.09687500000000009 0.703125 0.09687500000000009 0.703125 0.1375000000000001 0.759375 0.1375000000000001
12 0.834375 0.03281250000000009 0.76875 0.03281250000000009 0.76875 0.0765625000000001 0.834375 0.07656250000000012