0 0.7484375 0.4531250000000001 0.7046875 0.453125 0.7046875 0.47343750000000007 0.7484375 0.4734375000000002
32 0.778125 0.4140625000000001 0.7171875 0.4140625 0.7171875 0.4437500000000001 0.778125 0.4437500000000002
30 0.7921875 0.5015625000000001 0.7453125 0.5015625000000001 0.7453125 0.5296875000000002 0.7921875 0.5296875000000002
9 0.80625 0.5656250000000002 0.75625 0.5656250000000002 0.75625 0.5843750000000002 0.80625 0.5843750000000002
26 0.7796875 0.6062500000000002 0.7390625 0.6062500000000002 0.7390625 0.6265625000000001 0.7796875 0.6265625000000001
6 0.7 0.69375 0.640625 0.69375 0.640625 0.721875 0.7 0.721875
16 0.7328125000000002 0.7375 0.6859375000000002 0.7375 0.6859375000000002 0.7625000000000001 0.7328125000000002 0.7625000000000002
14 0.6687500000000002 0.8171875 0.6265625000000001 0.8171875 0.6265625000000001 0.8390625 0.6687500000000002 0.8390625
17 0.6984375000000002 0.7828125 0.6531250000000002 0.7828125 0.6531250000000002 0.8078125 0.6984375000000002 0.8078125
8 0.6671875000000002 0.74375 0.6187500000000001 0.74375 0.6187500000000001 0.775 0.6671875000000002 0.775
21 0.6281250000000002 0.7890625 0.5812500000000002 0.7890625 0.5812500000000002 0.825 0.6281250000000002 0.825
28 0.5531250000000002 0.93125 0.4937500000000002 0.93125 0.4937500000000002 0.959375 0.5531250000000002 0.959375
11 0.5265625000000002 0.9828125 0.47968750000000016 0.9828125 0.47968750000000016 1 0.5265625000000002 1
29 0.46406250000000016 0.9734375 0.39531250000000007 0.9734375 0.39531250000000007 0.996875 0.46406250000000016 0.996875
1 0.3500000000000001 0.8453125 0.25468750000000007 0.8453125 0.25468750000000007 0.9078125 0.3500000000000001 0.9078125
12 0.23593750000000008 0.9359375 0.15156250000000013 0.9359375 0.15156250000000013 0.978125 0.23593750000000008 0.978125
3 0.09218750000000012 0.88125 0.0015625000000001083 0.88125 0.0015625000000001113 0.9375 0.09218750000000012 0.9375