37 0.75625 0.5218750000000001 0.725 0.521875 0.725 0.58125 0.75625 0.5812500000000002
6 0.7234375 0.6515625 0.6984375 0.6515625 0.6984375 0.7046875 0.7234375 0.7046875
8 0.771875 0.6187500000000001 0.7484375 0.6187500000000001 0.7484375 0.6625000000000002 0.771875 0.6625000000000002
17 0.7984375 0.6500000000000001 0.7796875 0.6500000000000001 0.7796875 0.6953125000000002 0.7984375 0.6953125000000002
26 0.6250000000000002 0.7421875 0.6062500000000002 0.7421875 0.6062500000000002 0.78125 0.6250000000000002 0.78125
9 0.5843750000000002 0.7609375 0.5656250000000002 0.7609375 0.5656250000000002 0.803125 0.5843750000000002 0.803125
21 0.809375 0.5703125000000002 0.7875 0.5703125000000002 0.7875 0.6171875000000002 0.809375 0.6171875000000002
33 0.4078125000000001 0.6671875 0.3859375000000001 0.6671875 0.3859375000000001 0.7265625 0.4078125000000002 0.7265625
32 0.4390625000000001 0.721875 0.4171875 0.721875 0.4171875000000001 0.7703125 0.4390625000000002 0.7703125
0 0.49687500000000007 0.7125 0.4734375 0.7125 0.47343750000000007 0.759375 0.4968750000000002 0.759375
5 0.3453125000000001 0.696875 0.3234375000000001 0.696875 0.3234375000000001 0.7515625 0.3453125000000001 0.7515625
30 0.5234375000000002 0.7453125 0.5015625000000001 0.7453125 0.5015625000000001 0.7921875 0.5234375000000002 0.7921875
10 0.928125 0.3734375000000001 0.9 0.3734375000000001 0.9 0.4515625000000002 0.928125 0.4515625000000002
36 0.9515625 0.4859375000000002 0.9234375 0.4859375000000002 0.9234375 0.5359375000000002 0.9515625 0.5359375000000002
29 0.9984375 0.42187500000000017 0.971875 0.42187500000000017 0.971875 0.47187500000000016 0.9984375 0.47187500000000016
35 0.996875 0.3125000000000001 0.965625 0.3125000000000001 0.965625 0.3828125000000001 0.996875 0.3828125000000001
11 1 0.4703125000000002 0.984375 0.4703125000000002 0.984375 0.5140625000000002 1 0.5140625000000002
12 0.96875 0.16718750000000013 0.925 0.16718750000000013 0.925 0.2390625000000001 0.96875 0.2390625000000001
1 0.9078125 0.2718750000000001 0.8609375 0.2718750000000001 0.8609375 0.3515625000000001 0.9078125 0.3515625000000001
15 0.8703125 0.039062500000000104 0.8 0.0390625000000001 0.8 0.1453125000000001 0.8703125 0.1453125000000001