5 0.6671875 0.24375000000000008 0.6453125 0.24375000000000008 0.6453125 0.3046875000000001 0.6671875 0.3046875000000001
33 0.6203125 0.27031250000000007 0.596875 0.27031250000000007 0.596875 0.3312500000000001 0.6203125 0.3312500000000001
32 0.5859375 0.21875000000000008 0.559375 0.21875000000000008 0.559375 0.2843750000000001 0.5859375 0.2843750000000001
0 0.54375 0.24375000000000008 0.515625 0.24375000000000008 0.515625 0.2968750000000001 0.54375 0.2968750000000001
30 0.4921875 0.19375000000000003 0.4703125 0.19375000000000003 0.4703125 0.24218750000000008 0.4921875 0.24218750000000008
9 0.4296875 0.19843750000000004 0.4109375 0.19843750000000004 0.4109375 0.2453125000000001 0.4296875 0.2453125000000001
26 0.38125 0.21250000000000005 0.3515625 0.2125 0.3515625 0.25312500000000004 0.38125 0.2531250000000001
6 0.2984375 0.30625 0.2765625 0.30625 0.2765625 0.35625 0.2984375 0.35625
17 0.221875 0.3078125 0.19687500000000005 0.3078125 0.19687500000000005 0.35 0.221875 0.35
8 0.2515625 0.3375 0.2296875 0.3375 0.22968750000000004 0.3796875 0.2515625000000001 0.3796875
16 0.246875 0.2984375 0.2265625 0.2984375 0.2265625 0.3296875 0.246875 0.3296875
14 0.17812500000000003 0.3234375 0.14531250000000004 0.3234375 0.14531250000000004 0.36875 0.17812500000000003 0.36875
21 0.21875000000000008 0.3671875 0.18750000000000006 0.3671875 0.18750000000000006 0.415625 0.21875000000000008 0.415625
36 0.07656250000000006 0.4765625 0.050000000000000065 0.4765625 0.050000000000000065 0.5171875 0.07656250000000006 0.5171875
29 0.032812500000000064 0.534375 0.0031250000000000652 0.534375 0.0031250000000000687 0.584375 0.032812500000000064 0.584375
10 0.09218750000000006 0.553125 0.06718750000000007 0.553125 0.06718750000000007 0.6109375 0.09218750000000006 0.6109375
35 0.028125000000000077 0.6046875 0.0031250000000000735 0.6046875 0.003125000000000078 0.6640625 0.028125000000000077 0.6640625
1 0.1515625000000001 0.6671875 0.1218750000000001 0.6671875 0.1218750000000001 0.75 0.1515625000000001 0.75
12 0.0796875000000001 0.784375 0.0437500000000001 0.784375 0.0437500000000001 0.853125 0.0796875000000001 0.853125
3 0.11250000000000011 0.9046875 0.05468750000000011 0.9046875 0.05468750000000011 0.99375 0.11250000000000013 0.99375