0 0.4671875 0.2453125000000001 0.4453125 0.2453125000000001 0.4453125 0.3046875000000001 0.4671875 0.3046875000000001
32 0.4421875 0.2234375000000001 0.4171875 0.2234375000000001 0.4171875 0.2796875000000001 0.4421875 0.2796875000000001
30 0.5265625 0.19843750000000004 0.503125 0.19843750000000004 0.503125 0.2484375000000001 0.5265625 0.2484375000000001
9 0.5890625 0.2000000000000001 0.5703125 0.2000000000000001 0.5703125 0.24218750000000008 0.5890625 0.24218750000000008
26 0.628125 0.2140625000000001 0.603125 0.2140625000000001 0.603125 0.2609375000000001 0.628125 0.2609375000000001
6 0.734375 0.2953125000000001 0.703125 0.2953125000000001 0.703125 0.3468750000000001 0.734375 0.3468750000000001
8 0.7734375 0.3281250000000001 0.7484375 0.3281250000000001 0.7484375 0.37187500000000007 0.7734375 0.37187500000000007
21 0.8203125 0.37187500000000007 0.790625 0.37187500000000007 0.790625 0.42500000000000016 0.8203125 0.42500000000000016
14 0.8375 0.3234375000000001 0.8125 0.3234375000000001 0.8125 0.3765625000000001 0.8375 0.3765625000000001
17 0.8109375 0.3046875000000001 0.7890625 0.3046875000000001 0.7890625 0.3578125000000001 0.8109375 0.3578125000000001
16 0.790625 0.3031250000000001 0.765625 0.3031250000000001 0.765625 0.3515625000000001 0.790625 0.3515625000000001
28 0.9609375 0.44062500000000016 0.9328125 0.44062500000000016 0.9328125 0.4984375000000002 0.9609375 0.4984375000000002
29 1 0.5203125000000002 0.971875 0.5203125000000002 0.971875 0.5765625000000002 1 0.5765625000000002
1 0.90625 0.6515625000000002 0.8609375 0.6515625000000002 0.8609375 0.7375000000000002 0.90625 0.7375000000000002
12 0.984375 0.7671875000000001 0.9328125 0.7671875000000001 0.9328125 0.84375 0.984375 0.84375