37 0.4796875 0.24375000000000008 0.4203125 0.24375000000000008 0.4203125 0.2750000000000001 0.4796875 0.2750000000000001
6 0.3484375 0.2765625 0.2953125 0.2765625 0.2953125 0.3015625 0.3484375 0.3015625
8 0.38125 0.22812500000000005 0.3375 0.228125 0.3375 0.2515625 0.38125 0.2515625000000001
17 0.35 0.203125 0.3046875 0.203125 0.3046875 0.221875 0.35 0.221875
26 0.2593750000000001 0.375 0.22031250000000008 0.375 0.22031250000000008 0.39375 0.2593750000000001 0.39375
9 0.2390625000000001 0.415625 0.19687500000000005 0.415625 0.19687500000000005 0.434375 0.2390625000000001 0.434375
21 0.43125 0.19062500000000004 0.384375 0.19062500000000004 0.384375 0.21250000000000008 0.43125 0.21250000000000008
33 0.33281250000000007 0.59375 0.2734375000000001 0.59375 0.2734375000000001 0.615625 0.33281250000000007 0.615625
32 0.27812500000000007 0.5625 0.2296875000000001 0.5625 0.2296875000000001 0.584375 0.27812500000000007 0.584375
0 0.2890625000000001 0.5046875 0.24218750000000008 0.5046875 0.24218750000000008 0.528125 0.2890625000000001 0.528125
5 0.3031250000000001 0.65625 0.2484375000000001 0.65625 0.2484375000000001 0.678125 0.3031250000000001 0.678125
30 0.25468750000000007 0.478125 0.2078125000000001 0.478125 0.2078125000000001 0.5 0.25468750000000007 0.5
10 0.628125 0.07343750000000007 0.55 0.07343750000000007 0.55 0.10156250000000008 0.628125 0.10156250000000008
36 0.5140625 0.050000000000000065 0.4640625 0.050000000000000065 0.4640625 0.07812500000000007 0.5140625 0.07812500000000007
29 0.5796875 0.003125000000000068 0.5296875 0.0031250000000000652 0.5296875 0.029687500000000068 0.5796875 0.029687500000000068
35 0.6890625 0.0031250000000000804 0.61875 0.0031250000000000765 0.61875 0.034375000000000086 0.6890625 0.034375000000000086
11 0.53125 6.23804463315683e-17 0.4875 5.970153145843348e-17 0.4875 0.015625000000000062 0.53125 0.015625000000000066
12 0.834375 0.0312500000000001 0.7625 0.03125000000000009 0.7625 0.0750000000000001 0.834375 0.07500000000000011
1 0.728125 0.09218750000000009 0.65 0.09218750000000009 0.65 0.1390625000000001 0.728125 0.1390625000000001
15 0.9609375 0.13125000000000012 0.8546875 0.1312500000000001 0.8546875 0.2000000000000001 0.9609375 0.2000000000000001