32 0.4484375000000001 0.725 0.4203125 0.725 0.4203125000000001 0.778125 0.44843750000000016 0.778125
0 0.4781250000000001 0.6984375 0.453125 0.6984375 0.4531250000000001 0.746875 0.4781250000000002 0.746875
30 0.5312500000000002 0.75 0.5046875000000002 0.75 0.5046875000000002 0.796875 0.5312500000000002 0.796875
9 0.5921875000000002 0.7546875 0.5703125000000002 0.7546875 0.5703125000000002 0.8015625 0.5921875000000002 0.8015625
26 0.6656250000000001 0.7125 0.634375 0.7125 0.6343750000000001 0.76875 0.6656250000000001 0.76875
6 0.725 0.6484375 0.6953125 0.6484375 0.6953125 0.7078125 0.725 0.7078125
16 0.7609375 0.6781250000000002 0.734375 0.6781250000000002 0.7343750000000001 0.7312500000000002 0.7609375000000002 0.7312500000000002
8 0.7734375 0.6203125000000002 0.7484375 0.6203125000000002 0.7484375 0.6750000000000002 0.7734375 0.6750000000000002
17 0.8046875 0.6531250000000002 0.7796875 0.6531250000000002 0.7796875 0.7046875000000001 0.8046875 0.7046875000000001
21 0.8078125 0.5812500000000002 0.7890625 0.5812500000000002 0.7890625 0.6328125000000002 0.8078125 0.6328125000000002
14 0.846875 0.6296875000000002 0.825 0.6296875000000002 0.825 0.6703125000000002 0.846875 0.6703125000000002
1 0.8984375 0.2453125000000001 0.8421875 0.2453125000000001 0.8421875 0.3390625000000001 0.8984375 0.3390625000000001
12 0.971875 0.2250000000000001 0.9296875 0.2250000000000001 0.9296875 0.3000000000000001 0.971875 0.3000000000000001
29 0.990625 0.4078125000000002 0.95625 0.4078125000000002 0.95625 0.46875000000000017 0.990625 0.46875000000000017
3 0.9609375 1.1366253104586372e-16 0.8953125 1.0964415873616147e-16 0.8953125 0.08125000000000011 0.9609375 0.08125000000000011