26 0.3609375 0.16250000000000003 0.340625 0.16250000000000003 0.340625 0.209375 0.3609375 0.209375
9 0.409375 0.19687500000000005 0.3890625 0.19687500000000005 0.3890625 0.23593750000000008 0.409375 0.23593750000000008
30 0.4984375 0.20468750000000008 0.4765625 0.20468750000000008 0.4765625 0.2453125000000001 0.4984375 0.2453125000000001
0 0.5484375 0.24375000000000008 0.51875 0.24375000000000008 0.51875 0.2890625000000001 0.5484375 0.2890625000000001
32 0.6203125 0.17968750000000008 0.5875 0.17968750000000008 0.5875 0.23593750000000008 0.6203125 0.23593750000000008
8 0.27031250000000007 0.328125 0.2484375 0.328125 0.24843750000000003 0.375 0.27031250000000007 0.375
16 0.2453125 0.2796875 0.2234375 0.2796875 0.2234375 0.3265625 0.2453125 0.3265625
17 0.2203125 0.303125 0.19687500000000005 0.303125 0.19687500000000005 0.346875 0.2203125 0.346875
21 0.20937500000000003 0.3609375 0.18437500000000004 0.3609375 0.18437500000000004 0.4140625 0.2093750000000001 0.4140625
14 0.17812500000000003 0.325 0.15468750000000003 0.325 0.15468750000000003 0.371875 0.17812500000000003 0.371875
1 0.10781250000000009 0.690625 0.05937500000000009 0.690625 0.05937500000000009 0.771875 0.10781250000000009 0.771875
12 0.06406250000000009 0.7390625 0.025000000000000088 0.7390625 0.025000000000000095 0.815625 0.06406250000000009 0.815625