5 0.665625 0.2484375000000001 0.625 0.2484375000000001 0.625 0.3000000000000001 0.665625 0.3000000000000001
0 0.546875 0.2468750000000001 0.521875 0.2468750000000001 0.521875 0.3062500000000001 0.546875 0.3062500000000001
32 0.5828125 0.2156250000000001 0.5546875 0.2156250000000001 0.5546875 0.2812500000000001 0.5828125 0.2812500000000001
30 0.5015625 0.19531250000000006 0.4765625 0.19531250000000006 0.4765625 0.2578125000000001 0.5015625 0.2578125000000001
26 0.3953125 0.2171875000000001 0.36875 0.2171875000000001 0.36875 0.26250000000000007 0.3953125 0.26250000000000007
9 0.440625 0.19375000000000003 0.415625 0.19375000000000003 0.415625 0.2578125000000001 0.440625 0.2578125000000001
21 0.2093750000000001 0.3671875 0.19062500000000004 0.3671875 0.19062500000000004 0.4203125 0.2093750000000001 0.4203125
8 0.25625000000000003 0.3390625 0.23125 0.3390625 0.23125000000000004 0.3828125 0.2562500000000001 0.3828125
6 0.3015625 0.296875 0.2828125 0.296875 0.2828125 0.3578125 0.3015625 0.3578125
14 0.17656250000000004 0.3296875 0.15000000000000005 0.3296875 0.15000000000000005 0.3828125 0.17656250000000004 0.3828125
17 0.221875 0.29375 0.19531250000000006 0.29375 0.19531250000000006 0.340625 0.221875 0.340625
16 0.259375 0.278125 0.2390625 0.278125 0.2390625 0.31875 0.259375 0.31875
35 0.03437500000000008 0.5984375 0.007812500000000073 0.5984375 0.007812500000000076 0.6578125 0.03437500000000008 0.6578125
29 0.032812500000000064 0.53125 0.010937500000000063 0.53125 0.010937500000000069 0.584375 0.032812500000000064 0.584375
11 0.023437500000000062 0.4921875 0.0015625000000000604 0.4921875 0.0015625000000000632 0.5359375 0.023437500000000066 0.5359375
28 0.060937500000000054 0.4359375 0.029687500000000054 0.4359375 0.029687500000000054 0.4953125 0.06093750000000007 0.4953125
10 0.09062500000000007 0.54375 0.050000000000000065 0.54375 0.050000000000000065 0.615625 0.09062500000000007 0.615625
1 0.14062500000000008 0.6609375 0.1062500000000001 0.6609375 0.1062500000000001 0.7359375 0.14062500000000008 0.7359375
12 0.0687500000000001 0.7703125 0.03125000000000009 0.7703125 0.0312500000000001 0.8546875 0.06875000000000012 0.8546875
3 0.11718750000000014 0.925 0.06093750000000011 0.925 0.060937500000000124 1 0.11718750000000014 1