32 0.2796875000000001 0.5546875 0.21250000000000008 0.5546875 0.21250000000000008 0.5875 0.2796875000000001 0.5875
0 0.33281250000000007 0.5265625 0.24218750000000008 0.5265625 0.24218750000000008 0.5546875 0.33281250000000007 0.5546875
30 0.2593750000000001 0.4671875 0.2000000000000001 0.4671875 0.2000000000000001 0.5015625 0.2593750000000001 0.5015625
9 0.2515625000000001 0.3984375 0.19375000000000003 0.3984375 0.19375000000000003 0.4265625 0.2515625000000001 0.4265625
26 0.28906250000000006 0.353125 0.2234375 0.353125 0.22343750000000004 0.3828125 0.2890625000000001 0.3828125
6 0.3609375 0.2765625 0.3015625 0.2765625 0.3015625 0.3078125 0.3609375 0.3078125
8 0.396875 0.22500000000000003 0.334375 0.225 0.334375 0.25625000000000003 0.396875 0.2562500000000001
21 0.43125 0.18593750000000003 0.3671875 0.18593750000000003 0.3671875 0.2171875000000001 0.43125 0.2171875000000001
16 0.328125 0.2390625 0.275 0.2390625 0.275 0.2671875 0.328125 0.2671875
17 0.3515625 0.18906250000000005 0.2984375 0.18906250000000005 0.2984375 0.2203125 0.3515625 0.2203125
14 0.3734375 0.14843750000000006 0.321875 0.14843750000000006 0.321875 0.17968750000000006 0.3734375 0.17968750000000006
28 0.478125 0.03593750000000005 0.41875 0.03593750000000005 0.41875 0.06406250000000005 0.478125 0.06406250000000006
11 0.5171875 0.007812500000000059 0.453125 0.007812500000000056 0.453125 0.032812500000000064 0.5171875 0.032812500000000064
29 0.6109375 0.01250000000000007 0.534375 0.012500000000000067 0.534375 0.04687500000000007 0.6109375 0.046875000000000076
1 0.7453125 0.0984375000000001 0.65625 0.0984375000000001 0.65625 0.1515625000000001 0.7453125 0.1515625000000001
3 1 0.05781250000000012 0.8921875 0.057812500000000114 0.8921875 0.12343750000000012 1 0.12343750000000013