5 0.653125 0.24375000000000008 0.63125 0.24375000000000008 0.63125 0.29375000000000007 0.653125 0.29375000000000007
32 0.5828125 0.22812500000000008 0.559375 0.22812500000000008 0.559375 0.27812500000000007 0.5828125 0.27812500000000007
0 0.55 0.2484375000000001 0.5265625 0.2484375000000001 0.5265625 0.3000000000000001 0.55 0.3000000000000001
30 0.496875 0.20468750000000008 0.4734375 0.20468750000000008 0.4734375 0.2484375000000001 0.496875 0.2484375000000001
26 0.3953125 0.2156250000000001 0.3765625 0.2156250000000001 0.3765625 0.25468750000000007 0.3953125 0.25468750000000007
9 0.4328125 0.2015625000000001 0.4140625 0.2015625000000001 0.4140625 0.2390625000000001 0.4328125 0.2390625000000001
6 0.3015625 0.3015625 0.2765625 0.3015625 0.2765625 0.3546875 0.3015625 0.3546875
8 0.2515625 0.3296875 0.2265625 0.3296875 0.22656250000000006 0.378125 0.2515625000000001 0.378125
21 0.2078125000000001 0.3734375 0.18750000000000006 0.3734375 0.18750000000000006 0.4265625 0.2078125000000001 0.4265625
16 0.25 0.2875 0.228125 0.2875 0.228125 0.33125 0.25 0.33125
17 0.2171875 0.3015625 0.19687500000000005 0.3015625 0.19687500000000005 0.3515625 0.2171875 0.3515625
14 0.18125000000000005 0.3296875 0.15468750000000003 0.3296875 0.15468750000000003 0.3703125 0.18125000000000005 0.3703125
36 0.07968750000000006 0.4625 0.050000000000000065 0.4625 0.050000000000000065 0.5125 0.07968750000000006 0.5125
29 0.029687500000000068 0.5265625 0.0015625000000000645 0.5265625 0.0015625000000000677 0.5765625 0.029687500000000068 0.5765625
1 0.1375000000000001 0.6125 0.08906250000000007 0.6125 0.08906250000000007 0.6984375 0.1375000000000001 0.6984375
12 0.0828125000000001 0.7515625 0.03750000000000009 0.7515625 0.037500000000000096 0.8296875 0.08281250000000011 0.8296875
35 0.034375000000000086 0.6171875 0.0015625000000000755 0.6171875 0.0015625000000000799 0.6859375 0.034375000000000086 0.6859375
35 0.1109375000000001 0.8921875 0.057812500000000114 0.8921875 0.057812500000000114 0.990625 0.11093750000000013 0.990625
15 0.1671875000000001 0.8234375 0.10312500000000009 0.8234375 0.1031250000000001 0.9328125 0.16718750000000013 0.9328125
37 0.2765625000000001 0.403125 0.24375000000000008 0.403125 0.24375000000000008 0.471875 0.2765625000000001 0.471875