0 0.7671875 0.4562500000000001 0.6953125 0.45625 0.6953125 0.48125000000000007 0.7671875 0.4812500000000002
32 0.796875 0.43281250000000016 0.728125 0.43281250000000016 0.728125 0.46093750000000017 0.796875 0.46093750000000017
30 0.8140625 0.5046875000000002 0.7484375 0.5046875000000002 0.7484375 0.5296875000000002 0.8140625 0.5296875000000002
9 0.8 0.5765625000000002 0.7609375 0.5765625000000002 0.7609375 0.6015625000000002 0.8 0.6015625000000002
6 0.7015625000000001 0.70625 0.6484375 0.70625 0.6484375000000001 0.728125 0.7015625000000002 0.728125
8 0.6531250000000002 0.7421875 0.6062500000000002 0.7421875 0.6062500000000002 0.7640625 0.6531250000000002 0.7640625
21 0.6093750000000002 0.790625 0.5578125000000002 0.790625 0.5578125000000002 0.815625 0.6093750000000002 0.815625
14 0.6687500000000002 0.8203125 0.6281250000000002 0.8203125 0.6281250000000002 0.846875 0.6687500000000002 0.846875
17 0.7140625000000002 0.7765625 0.6515625000000002 0.7765625 0.6515625000000002 0.8046875 0.7140625000000002 0.8046875
16 0.7281250000000001 0.7359375000000001 0.6781250000000002 0.7359375 0.6781250000000002 0.7578125000000001 0.7281250000000001 0.7578125000000002
29 0.47968750000000016 0.9671875 0.4109375000000002 0.9671875 0.4109375000000002 1 0.47968750000000016 1
1 0.3437500000000001 0.8640625 0.2562500000000001 0.8640625 0.2562500000000001 0.9171875 0.3437500000000001 0.9171875
12 0.2734375000000001 0.934375 0.19843750000000013 0.934375 0.19843750000000013 0.984375 0.2734375000000001 0.984375
3 0.07343750000000011 0.8734375 1.0696524386302664e-16 0.8734375 1.1002686086089502e-16 0.9234375 0.07343750000000011 0.9234375