0 0.7609375 0.4437500000000001 0.7015625 0.44375 0.7015625 0.4750000000000001 0.7609375 0.4750000000000002
32 0.7796875 0.4171875000000001 0.7078125 0.4171875 0.7078125 0.44218750000000007 0.7796875 0.4421875000000002
26 0.809375 0.6031250000000001 0.7328125 0.6031250000000001 0.7328125 0.6312500000000002 0.809375 0.6312500000000002
9 0.8109375 0.5609375000000002 0.7453125 0.5609375000000002 0.7453125 0.5906250000000002 0.8109375 0.5906250000000002
30 0.7984375 0.5015625000000001 0.75 0.5015625000000001 0.75 0.5281250000000002 0.7984375 0.5281250000000002
21 0.6265625000000001 0.784375 0.5750000000000002 0.784375 0.5750000000000002 0.80625 0.6265625000000001 0.80625
8 0.6640625000000002 0.74375 0.6078125000000002 0.74375 0.6078125000000002 0.78125 0.6640625000000002 0.78125
6 0.7046875000000001 0.6953125 0.6484375 0.6953125 0.6484375000000001 0.7265625 0.7046875000000001 0.7265625
14 0.6796875000000002 0.8234375 0.6203125000000002 0.8234375 0.6203125000000002 0.85 0.6796875000000002 0.85
17 0.7046875000000001 0.7859375 0.6484375000000002 0.7859375 0.6484375000000002 0.8125 0.7046875000000001 0.8125
16 0.7281250000000001 0.7375 0.6750000000000002 0.7375 0.6750000000000002 0.76875 0.7281250000000001 0.7687500000000002
3 0.11250000000000011 0.8796875 0.012500000000000105 0.8796875 0.012500000000000112 0.9296875 0.11250000000000013 0.9296875
1 0.35625000000000007 0.846875 0.2656250000000001 0.846875 0.2656250000000001 0.9125 0.35625000000000007 0.9125
12 0.2656250000000001 0.909375 0.16250000000000014 0.909375 0.16250000000000014 0.959375 0.2656250000000001 0.959375
35 0.40156250000000016 0.9640625 0.3156250000000001 0.9640625 0.3156250000000001 1 0.40156250000000016 1
10 0.44531250000000017 0.909375 0.3765625000000001 0.909375 0.3765625000000001 0.9546875 0.44531250000000017 0.9546875
29 0.47656250000000017 0.959375 0.41406250000000017 0.959375 0.41406250000000017 0.9890625 0.47656250000000017 0.9890625
36 0.5281250000000002 0.9203125 0.4656250000000002 0.9203125 0.4656250000000002 0.9578125 0.5281250000000002 0.9578125
5 0.7734375 0.3453125000000001 0.6953125 0.3453125000000001 0.6953125 0.3750000000000001 0.7734375 0.3750000000000001