5 0.68125 0.2484375000000001 0.6515625 0.2484375000000001 0.6515625 0.3140625000000001 0.68125 0.3140625000000001
0 0.5515625 0.2640625000000001 0.521875 0.2640625000000001 0.521875 0.3140625000000001 0.5515625 0.3140625000000001
32 0.58125 0.22812500000000008 0.553125 0.22812500000000008 0.553125 0.2796875000000001 0.58125 0.2796875000000001
26 0.396875 0.2156250000000001 0.371875 0.2156250000000001 0.371875 0.25468750000000007 0.396875 0.25468750000000007
24 0.4578125 0.2250000000000001 0.43125 0.2250000000000001 0.43125 0.2765625000000001 0.4578125 0.2765625000000001
9 0.43125 0.2000000000000001 0.4140625 0.2000000000000001 0.4140625 0.2312500000000001 0.43125 0.2312500000000001
30 0.4984375 0.20468750000000008 0.475 0.20468750000000008 0.475 0.2500000000000001 0.4984375 0.2500000000000001
38 0.4546875 0.4453125 0.4125 0.4453125 0.4125 0.5015625 0.4546875 0.5015625
34 0.5078125 0.3859375000000001 0.4671875 0.3859375000000001 0.4671875 0.4484375 0.5078125 0.4484375
7 0.37968750000000007 0.4859375 0.3468750000000001 0.4859375 0.3468750000000001 0.53125 0.37968750000000007 0.53125
37 0.2843750000000001 0.4359375 0.2515625000000001 0.4359375 0.2515625000000001 0.484375 0.2843750000000001 0.484375
13 0.3359375000000001 0.3671875 0.3046875000000001 0.3671875 0.3046875000000001 0.4296875 0.3359375000000001 0.4296875
21 0.2171875000000001 0.3671875 0.18593750000000003 0.3671875 0.18593750000000003 0.41875 0.2171875000000001 0.41875
8 0.25781250000000006 0.340625 0.225 0.340625 0.22500000000000003 0.3828125 0.2578125000000001 0.3828125
6 0.303125 0.3015625 0.2765625 0.3015625 0.2765625 0.3515625 0.303125 0.3515625
14 0.18281250000000004 0.325 0.14843750000000006 0.325 0.14843750000000006 0.375 0.18281250000000004 0.375
17 0.221875 0.3015625 0.19062500000000004 0.3015625 0.19062500000000004 0.346875 0.221875 0.346875
16 0.25625 0.2828125 0.228125 0.2828125 0.228125 0.3265625 0.25625 0.3265625
35 0.04531250000000008 0.6140625 0.001562500000000075 0.6140625 0.001562500000000079 0.68125 0.04531250000000009 0.68125
29 0.028125000000000067 0.528125 6.467665907996959e-17 0.528125 6.783395160902136e-17 0.5796875 0.028125000000000067 0.5796875
36 0.07812500000000007 0.475 0.050000000000000065 0.475 0.050000000000000065 0.5328125 0.07812500000000007 0.5328125
10 0.10468750000000009 0.5609375 0.06406250000000006 0.5609375 0.06406250000000006 0.63125 0.10468750000000009 0.63125
1 0.14218750000000008 0.6671875 0.0984375000000001 0.6671875 0.0984375000000001 0.74375 0.14218750000000008 0.74375
12 0.0828125000000001 0.76875 0.03593750000000009 0.76875 0.035937500000000094 0.85 0.08281250000000011 0.85
15 0.2093750000000001 0.8640625 0.1375000000000001 0.8640625 0.13750000000000012 0.95625 0.2093750000000001 0.95625