5 0.753125 0.3359375000000001 0.7015625 0.3359375000000001 0.7015625 0.3765625000000001 0.753125 0.3765625000000001
0 0.7546875 0.4531250000000001 0.6953125 0.453125 0.6953125 0.4781250000000001 0.7546875 0.4781250000000002
32 0.7859375 0.41875000000000007 0.7203125 0.41875 0.7203125 0.4468750000000001 0.7859375 0.4468750000000002
30 0.80625 0.5000000000000002 0.74375 0.5000000000000002 0.74375 0.5250000000000001 0.80625 0.5250000000000001
26 0.7828125 0.6062500000000002 0.7375 0.6062500000000002 0.7375 0.6328125000000002 0.7828125 0.6328125000000002
9 0.8078125 0.5609375000000002 0.74375 0.5609375000000002 0.74375 0.5859375000000002 0.8078125 0.5859375000000002
21 0.6328125000000002 0.790625 0.5796875000000001 0.790625 0.5796875000000001 0.809375 0.6328125000000002 0.809375
8 0.6609375000000002 0.74375 0.6171875000000002 0.74375 0.6171875000000002 0.76875 0.6609375000000002 0.76875
6 0.7046875 0.7 0.64375 0.7 0.64375 0.71875 0.7046875 0.71875
14 0.6718750000000002 0.8234375 0.6187500000000001 0.8234375 0.6187500000000001 0.85 0.6718750000000002 0.85
17 0.7062500000000002 0.7796875 0.6593750000000002 0.7796875 0.6593750000000002 0.80625 0.7062500000000002 0.80625
16 0.7234375000000002 0.740625 0.6828125000000002 0.740625 0.6828125000000002 0.7609375 0.7234375000000002 0.7609375
35 0.4031250000000002 0.965625 0.3437500000000001 0.965625 0.3437500000000001 0.9921875 0.4031250000000002 0.9921875
29 0.46875000000000017 0.9671875 0.4156250000000002 0.9671875 0.4156250000000002 0.990625 0.46875000000000017 0.990625
11 0.5093750000000001 0.9765625 0.4656250000000002 0.9765625 0.4656250000000002 0.9984375 0.5093750000000001 0.9984375
28 0.5656250000000002 0.940625 0.5062500000000002 0.940625 0.5062500000000002 0.971875 0.5656250000000002 0.971875
10 0.4578125000000002 0.9109375 0.3859375000000001 0.9109375 0.3859375000000001 0.9515625 0.4578125000000002 0.9515625
1 0.34062500000000007 0.859375 0.2656250000000001 0.859375 0.2656250000000001 0.8953125 0.34062500000000007 0.8953125
12 0.2296875000000001 0.93125 0.14531250000000012 0.93125 0.14531250000000012 0.96875 0.2296875000000001 0.96875
3 0.07500000000000011 0.8828125 1.0811335023722728e-16 0.8828125 1.115576693598292e-16 0.9390625 0.07500000000000011 0.9390625