32 0.5843750000000001 0.7234375 0.5625 0.7234375 0.5625000000000001 0.7703125 0.5843750000000002 0.7703125
0 0.5484375000000001 0.70625 0.525 0.70625 0.5250000000000001 0.75625 0.5484375000000001 0.75625
30 0.4984375000000002 0.7546875 0.47656250000000017 0.7546875 0.47656250000000017 0.7953125 0.4984375000000002 0.7953125
26 0.40156250000000016 0.7421875 0.3828125000000001 0.7421875 0.3828125000000001 0.7828125 0.40156250000000016 0.7828125
9 0.4281250000000002 0.7640625 0.4125000000000002 0.7640625 0.4125000000000002 0.796875 0.4281250000000002 0.796875
6 0.30156250000000007 0.6515625 0.27812500000000007 0.6515625 0.27812500000000007 0.703125 0.30156250000000007 0.703125
8 0.2515625000000001 0.6234375 0.22656250000000008 0.6234375 0.22656250000000008 0.665625 0.2515625000000001 0.665625
21 0.21250000000000008 0.5890625 0.18906250000000008 0.5890625 0.18906250000000008 0.6390625 0.21250000000000008 0.6390625
14 0.1703125000000001 0.628125 0.1453125000000001 0.628125 0.1453125000000001 0.665625 0.1703125000000001 0.665625
17 0.22031250000000008 0.65 0.2015625000000001 0.65 0.2015625000000001 0.69375 0.22031250000000008 0.69375
16 0.2453125000000001 0.665625 0.2234375000000001 0.665625 0.2234375000000001 0.7078125 0.2453125000000001 0.7078125
28 0.06406250000000006 0.5125 0.042187500000000065 0.5125 0.042187500000000065 0.559375 0.06406250000000006 0.559375
7 0.02031250000000006 0.4703125 5.759666977239896e-17 0.4703125 6.008423358316701e-17 0.5109375 0.02031250000000006 0.5109375
10 0.09375000000000006 0.3890625 0.06250000000000004 0.3890625 0.06250000000000006 0.4546875 0.09375000000000007 0.4546875
35 0.029687500000000044 0.3390625 0.0015625000000000417 0.3390625 0.0015625000000000458 0.4078125 0.029687500000000044 0.4078125
1 0.14062500000000006 0.2640625 0.10625000000000004 0.2640625 0.10625000000000004 0.3359375 0.14062500000000006 0.3359375
12 0.07968750000000002 0.1765625 0.04531250000000002 0.1765625 0.045312500000000026 0.2578125 0.07968750000000002 0.2578125
3 0.115625 0.014062500000000014 0.075 0.01406250000000001 0.07500000000000001 0.1171875 0.115625 0.1171875
29 0.031250000000000056 0.4203125 0.009375000000000053 0.4203125 0.009375000000000053 0.4640625 0.031250000000000056 0.4640625