5 0.315625 0.325 0.24375 0.325 0.24375 0.3546875 0.315625 0.3546875
0 0.3031250000000001 0.45 0.2468750000000001 0.45 0.2468750000000001 0.4765625 0.3031250000000001 0.4765625
32 0.27031250000000007 0.4109375 0.2328125000000001 0.4109375 0.2328125000000001 0.4375 0.27031250000000007 0.4375
30 0.2531250000000001 0.5015625 0.18750000000000006 0.5015625 0.18750000000000006 0.5328125 0.2531250000000001 0.5328125
26 0.2656250000000001 0.603125 0.21875000000000008 0.603125 0.21875000000000008 0.640625 0.2656250000000001 0.640625
9 0.2453125000000001 0.5703125 0.2015625000000001 0.5703125 0.2015625000000001 0.5890625 0.2453125000000001 0.5890625
21 0.42500000000000016 0.790625 0.37187500000000007 0.790625 0.37187500000000007 0.8140625 0.42500000000000016 0.8140625
8 0.3921875000000001 0.7484375 0.3359375000000001 0.7484375 0.3359375000000001 0.76875 0.3921875000000001 0.76875
6 0.3671875000000001 0.696875 0.2984375000000001 0.696875 0.2984375000000001 0.721875 0.3671875000000001 0.721875
16 0.3359375000000001 0.7265625 0.2671875000000001 0.7265625 0.2671875000000001 0.7515625 0.3359375000000001 0.7515625
14 0.3687500000000001 0.8234375 0.3156250000000001 0.8234375 0.3156250000000001 0.85 0.3687500000000001 0.85
17 0.3515625000000001 0.7796875 0.3109375000000001 0.7796875 0.3109375000000001 0.8078125 0.3515625000000001 0.8078125
3 1 0.8796875 0.9 0.8796875 0.9 0.9328125 1 0.9328125
12 0.828125 0.9234375 0.7500000000000002 0.9234375 0.7500000000000002 0.9609375 0.828125 0.9609375
1 0.7656250000000002 0.8484375 0.6796875000000002 0.8484375 0.6796875000000002 0.9015625 0.7656250000000002 0.9015625
10 0.6515625000000002 0.903125 0.5734375000000002 0.903125 0.5734375000000002 0.94375 0.6515625000000002 0.94375
35 0.6921875000000002 0.9703125 0.6062500000000002 0.9703125 0.6062500000000002 1 0.6921875000000002 1
29 0.5921875000000002 0.9671875 0.5390625000000002 0.9671875 0.5390625000000002 0.990625 0.5921875000000002 0.990625
11 0.5296875000000002 0.9796875 0.4890625000000002 0.9796875 0.4890625000000002 1 0.5296875000000002 1
28 0.4890625000000002 0.9375 0.4515625000000002 0.9375 0.4515625000000002 0.9625 0.4890625000000002 0.9625