32 0.584375 0.2312500000000001 0.5625 0.2312500000000001 0.5625 0.27812500000000007 0.584375 0.27812500000000007
0 0.5484375 0.24375000000000008 0.525 0.24375000000000008 0.525 0.29375000000000007 0.5484375 0.29375000000000007
30 0.4984375 0.20468750000000008 0.475 0.20468750000000008 0.475 0.2453125000000001 0.4984375 0.2453125000000001
26 0.4015625 0.21875000000000008 0.3828125 0.21875000000000008 0.3828125 0.2593750000000001 0.4015625 0.2593750000000001
9 0.428125 0.20468750000000008 0.4109375 0.20468750000000008 0.4109375 0.2375000000000001 0.428125 0.2375000000000001
6 0.3015625 0.2984375 0.278125 0.2984375 0.278125 0.35 0.3015625 0.35
8 0.2515625 0.334375 0.2265625 0.334375 0.22656250000000006 0.3765625 0.2515625000000001 0.3765625
21 0.21250000000000005 0.3625 0.18906250000000005 0.3625 0.18906250000000005 0.4109375 0.21250000000000008 0.4109375
14 0.17031250000000003 0.334375 0.14375000000000004 0.334375 0.14375000000000004 0.3734375 0.17031250000000003 0.3734375
17 0.21875 0.30625 0.2015625 0.30625 0.2015625 0.35 0.21875 0.35
16 0.24375 0.2921875 0.2234375 0.2921875 0.2234375 0.334375 0.24375 0.334375
28 0.06406250000000005 0.4421875 0.04218750000000006 0.4421875 0.04218750000000006 0.4875 0.06406250000000006 0.4875
7 0.020312500000000063 0.490625 6.008423358316702e-17 0.490625 6.247612186275169e-17 0.5296875 0.020312500000000067 0.5296875
10 0.09375000000000007 0.5453125 0.06093750000000007 0.5453125 0.06093750000000007 0.6125 0.09375000000000007 0.6125
35 0.02968750000000008 0.5921875 0.001562500000000073 0.5921875 0.001562500000000077 0.6609375 0.02968750000000008 0.6609375
1 0.14062500000000008 0.665625 0.10468750000000009 0.665625 0.10468750000000009 0.7375 0.14062500000000008 0.7375
12 0.0796875000000001 0.7421875 0.04375000000000009 0.7421875 0.043750000000000094 0.825 0.0796875000000001 0.825
3 0.11406250000000011 0.8828125 0.07500000000000011 0.8828125 0.07500000000000011 0.9859375 0.11406250000000014 0.9859375
29 0.03125000000000007 0.5359375 0.009375000000000067 0.5359375 0.009375000000000069 0.5796875 0.03125000000000007 0.5796875