0 0.5578125 0.2500000000000001 0.5296875 0.2500000000000001 0.5296875 0.3078125000000001 0.5578125 0.3078125000000001
32 0.5953125 0.2156250000000001 0.5671875 0.2156250000000001 0.5671875 0.2812500000000001 0.5953125 0.2812500000000001
30 0.5015625 0.19843750000000004 0.4796875 0.19843750000000004 0.4796875 0.2515625000000001 0.5015625 0.2515625000000001
26 0.4015625 0.2140625000000001 0.3765625 0.2140625000000001 0.3765625 0.2671875000000001 0.4015625 0.2671875000000001
9 0.428125 0.19062500000000004 0.40625 0.19062500000000004 0.40625 0.23437500000000008 0.428125 0.23437500000000008
21 0.21093750000000008 0.36875 0.18437500000000004 0.36875 0.18437500000000004 0.428125 0.21093750000000008 0.428125
8 0.259375 0.325 0.228125 0.325 0.22812500000000005 0.390625 0.2593750000000001 0.390625
6 0.303125 0.29375 0.2765625 0.29375 0.2765625 0.359375 0.303125 0.359375
14 0.18281250000000004 0.3203125 0.15468750000000003 0.3203125 0.15468750000000003 0.378125 0.18281250000000004 0.378125
17 0.2203125 0.2875 0.19531250000000006 0.2875 0.19531250000000006 0.3609375 0.2203125 0.3609375
16 0.2671875 0.26875 0.2453125 0.26875 0.2453125 0.3296875 0.2671875 0.3296875
11 0.017187500000000064 0.49375 0.0015625000000000604 0.49375 0.0015625000000000628 0.5328125 0.017187500000000067 0.5328125
14 0.07187500000000005 0.4359375 0.037500000000000054 0.4359375 0.037500000000000054 0.4984375 0.07187500000000006 0.4984375
1 0.1468750000000001 0.6390625 0.0984375000000001 0.6390625 0.0984375000000001 0.7390625 0.1468750000000001 0.7390625
12 0.0656250000000001 0.7546875 0.020312500000000094 0.7546875 0.0203125000000001 0.8671875 0.06562500000000011 0.8671875
12 0.043750000000000074 0.5265625 0.007812500000000064 0.5265625 0.007812500000000071 0.6234375 0.04375000000000008 0.6234375
3 0.12031250000000011 0.890625 0.0640625000000001 0.890625 0.0640625000000001 0.98125 0.12031250000000013 0.98125