5 0.715625 0.659375 0.665625 0.659375 0.665625 0.68125 0.715625 0.68125
33 0.709375 0.6140625 0.6546875 0.6140625 0.6546875 0.6390625 0.709375 0.6390625
0 0.75 0.5281250000000001 0.690625 0.528125 0.690625 0.5468750000000001 0.75 0.5468750000000002
32 0.7703125 0.5609375000000002 0.728125 0.5609375000000002 0.728125 0.5828125000000002 0.7703125 0.5828125000000002
30 0.790625 0.47656250000000017 0.740625 0.47656250000000017 0.740625 0.5000000000000002 0.790625 0.5000000000000002
24 0.778125 0.4281250000000002 0.7296875 0.4281250000000002 0.7296875 0.4515625000000002 0.778125 0.4515625000000002
26 0.778125 0.37187500000000007 0.740625 0.37187500000000007 0.740625 0.3968750000000001 0.778125 0.3968750000000001
9 0.7984375 0.4109375000000002 0.7609375 0.4109375000000002 0.7609375 0.4265625000000002 0.7984375 0.4265625000000002
6 0.703125 0.27812500000000007 0.6421875 0.27812500000000007 0.6421875 0.3031250000000001 0.703125 0.3031250000000001
17 0.7 0.19531250000000008 0.65625 0.19531250000000008 0.65625 0.2234375000000001 0.7 0.2234375000000001
8 0.6625 0.2296875000000001 0.6203125 0.2296875000000001 0.6203125 0.25468750000000007 0.6625 0.25468750000000007
16 0.7140625 0.2296875000000001 0.6765625 0.2296875000000001 0.6765625 0.25468750000000007 0.7140625 0.25468750000000007
14 0.6703125 0.15000000000000008 0.6234375 0.15000000000000008 0.6234375 0.1750000000000001 0.6703125 0.1750000000000001
37 0.5796875 0.2500000000000001 0.521875 0.2500000000000001 0.521875 0.2843750000000001 0.5796875 0.2843750000000001
15 0.10312500000000002 0.1390625 0.03125000000000002 0.1390625 0.03125000000000002 0.1984375 0.10312500000000005 0.1984375
1 0.3265625 0.09375000000000003 0.2515625 0.09375000000000003 0.2515625 0.14062500000000006 0.3265625 0.14062500000000006
12 0.2453125 0.03906250000000003 0.1828125 0.03906250000000002 0.1828125 0.08593750000000003 0.2453125 0.08593750000000003
35 0.390625 4.372371775080784e-17 0.3234375 3.9609669909922206e-17 0.3234375 0.03750000000000005 0.390625 0.03750000000000005
10 0.453125 0.06406250000000005 0.3875 0.06406250000000005 0.3875 0.09531250000000005 0.453125 0.09531250000000005
36 0.525 0.05468750000000007 0.4703125 0.05468750000000007 0.4703125 0.07812500000000007 0.525 0.07812500000000007
29 0.46875 0.001562500000000054 0.415625 0.0015625000000000506 0.415625 0.03281250000000006 0.46875 0.03281250000000006
11 0.509375 6.008423358316701e-17 0.471875 5.778802083476573e-17 0.471875 0.01875000000000006 0.509375 0.018750000000000062