5 0.678125 0.2015625000000001 0.6453125 0.2015625000000001 0.6453125 0.2609375000000001 0.678125 0.2609375000000001
32 0.5828125 0.2218750000000001 0.559375 0.2218750000000001 0.559375 0.27812500000000007 0.5828125 0.27812500000000007
0 0.55625 0.24375000000000008 0.5296875 0.24375000000000008 0.5296875 0.2984375000000001 0.55625 0.2984375000000001
30 0.4984375 0.2015625000000001 0.4734375 0.2015625000000001 0.4734375 0.24218750000000008 0.4984375 0.24218750000000008
26 0.3984375 0.22031250000000008 0.3765625 0.22031250000000008 0.3765625 0.2656250000000001 0.3984375 0.2656250000000001
9 0.4171875 0.2140625000000001 0.396875 0.2140625000000001 0.396875 0.2500000000000001 0.4171875 0.2500000000000001
6 0.3 0.29375 0.275 0.29375 0.275 0.34375 0.3 0.34375
8 0.2515625 0.328125 0.225 0.328125 0.22500000000000003 0.375 0.2515625000000001 0.375
14 0.17187500000000006 0.325 0.14843750000000006 0.325 0.14843750000000006 0.3671875 0.17187500000000006 0.3671875
17 0.2203125 0.3 0.2 0.3 0.2 0.3484375 0.2203125 0.3484375
16 0.2484375 0.2875 0.228125 0.2875 0.228125 0.3328125 0.2484375 0.3328125
11 0.023437500000000062 0.49375 0.0015625000000000604 0.49375 0.0015625000000000634 0.54375 0.023437500000000066 0.54375
29 0.03906250000000007 0.53125 0.010937500000000063 0.53125 0.010937500000000069 0.590625 0.039062500000000076 0.590625
1 0.1453125000000001 0.64375 0.09687500000000009 0.64375 0.09687500000000009 0.7453125 0.1453125000000001 0.7453125
12 0.0640625000000001 0.759375 0.021875000000000096 0.759375 0.0218750000000001 0.8515625 0.0640625000000001 0.8515625
3 0.11406250000000011 0.8890625 0.07031250000000011 0.8890625 0.07031250000000011 0.9921875 0.11406250000000014 0.9921875
28 0.06406250000000005 0.4421875 0.04218750000000006 0.4421875 0.04218750000000006 0.49375 0.06406250000000006 0.49375