5 0.6625 0.2500000000000001 0.64375 0.2500000000000001 0.64375 0.3046875000000001 0.6625 0.3046875000000001
33 0.6125 0.2828125000000001 0.5859375 0.2828125000000001 0.5859375 0.3390625000000001 0.6125 0.3390625000000001
0 0.5453125 0.2750000000000001 0.5265625 0.2750000000000001 0.5265625 0.3203125000000001 0.5453125 0.3203125000000001
32 0.5828125 0.2312500000000001 0.5625 0.2312500000000001 0.5625 0.2812500000000001 0.5828125 0.2812500000000001
30 0.5 0.2078125000000001 0.478125 0.2078125000000001 0.478125 0.25468750000000007 0.5 0.25468750000000007
9 0.4390625 0.2015625000000001 0.4171875 0.2015625000000001 0.4171875 0.24218750000000008 0.4390625 0.24218750000000008
26 0.3953125 0.21875000000000008 0.3734375 0.21875000000000008 0.3734375 0.2562500000000001 0.3953125 0.2562500000000001
6 0.3078125 0.303125 0.2765625 0.303125 0.2765625 0.3515625 0.3078125 0.3515625
8 0.25000000000000006 0.334375 0.2296875 0.334375 0.22968750000000004 0.38125 0.2500000000000001 0.38125
16 0.265625 0.2875 0.2421875 0.2875 0.2421875 0.3296875 0.265625 0.3296875
21 0.2062500000000001 0.3671875 0.18281250000000004 0.3671875 0.18281250000000004 0.415625 0.2062500000000001 0.415625
17 0.21875 0.3109375 0.19687500000000005 0.3109375 0.19687500000000005 0.3484375 0.21875 0.3484375
14 0.17812500000000003 0.3234375 0.15937500000000004 0.3234375 0.15937500000000004 0.371875 0.17812500000000003 0.371875
37 0.2875000000000001 0.421875 0.25468750000000007 0.421875 0.25468750000000007 0.4765625 0.2875000000000001 0.4765625
15 0.21875000000000008 0.8015625 0.14843750000000008 0.8015625 0.14843750000000008 0.8953125 0.21875000000000008 0.8953125
12 0.0750000000000001 0.76875 0.03281250000000009 0.76875 0.03281250000000009 0.8390625 0.07500000000000011 0.8390625
1 0.14218750000000008 0.6578125 0.10000000000000009 0.6578125 0.10000000000000009 0.7265625 0.14218750000000008 0.7265625
10 0.10312500000000009 0.5921875 0.06250000000000007 0.5921875 0.06250000000000008 0.6515625 0.10312500000000009 0.6515625
35 0.03906250000000008 0.625 0.0062500000000000775 0.625 0.00625000000000008 0.6875 0.03906250000000009 0.6875
36 0.07968750000000006 0.484375 0.056250000000000064 0.484375 0.056250000000000064 0.53125 0.07968750000000006 0.53125
29 0.032812500000000064 0.5328125 0.007812500000000066 0.5328125 0.00781250000000007 0.5828125 0.032812500000000064 0.5828125
11 0.03125000000000006 0.490625 0.006250000000000061 0.490625 0.006250000000000063 0.525 0.03125000000000007 0.525
28 0.054687500000000056 0.446875 0.04218750000000006 0.446875 0.04218750000000006 0.4890625 0.05468750000000007 0.4890625