33 0.728125 0.3703125000000001 0.665625 0.3703125000000001 0.665625 0.39531250000000007 0.728125 0.39531250000000007
5 0.7578125 0.3453125000000001 0.7015625 0.3453125000000001 0.7015625 0.3703125000000001 0.7578125 0.3703125000000001
33 0.771875 0.41875000000000007 0.725 0.41875 0.725 0.4390625000000001 0.771875 0.4390625000000002
30 0.796875 0.5046875000000002 0.753125 0.5046875000000002 0.753125 0.5234375000000002 0.796875 0.5234375000000002
9 0.7984375 0.5718750000000001 0.7671875 0.5718750000000001 0.7671875 0.5875000000000001 0.7984375 0.5875000000000001
26 0.790625 0.6250000000000002 0.753125 0.6250000000000002 0.753125 0.6421875000000001 0.790625 0.6421875000000001
6 0.7046875000000001 0.703125 0.6546875 0.703125 0.6546875000000001 0.728125 0.7046875000000001 0.728125
8 0.6671875000000002 0.75 0.6265625000000001 0.75 0.6265625000000001 0.771875 0.6671875000000002 0.771875
16 0.7109375000000002 0.753125 0.6656250000000001 0.753125 0.6656250000000001 0.775 0.7109375000000002 0.775
17 0.6968750000000001 0.78125 0.6468750000000002 0.78125 0.6468750000000002 0.8 0.6968750000000001 0.8
14 0.6671875000000002 0.8203125 0.6296875000000002 0.8203125 0.6296875000000002 0.8421875 0.6671875000000002 0.8421875
21 0.6343750000000001 0.7921875 0.5859375000000002 0.7921875 0.5859375000000002 0.8171875 0.6343750000000001 0.8171875
3 0.10468750000000011 0.8859375 0.009375000000000109 0.8859375 0.00937500000000011 0.9359375 0.10468750000000013 0.9359375
12 0.22656250000000008 0.9265625 0.15156250000000013 0.9265625 0.15156250000000013 0.9640625 0.22656250000000008 0.9640625
1 0.3937500000000001 0.871875 0.3187500000000001 0.871875 0.3187500000000001 0.9109375 0.3937500000000001 0.9109375
35 0.37968750000000007 0.9703125 0.31718750000000007 0.9703125 0.31718750000000007 0.9984375 0.37968750000000007 0.9984375
29 0.49531250000000016 0.9625 0.4421875000000002 0.9625 0.4421875000000002 0.984375 0.49531250000000016 0.984375
28 0.5609375000000002 0.9390625 0.5078125000000002 0.9390625 0.5078125000000002 0.9609375 0.5609375000000002 0.9609375
11 0.5046875000000002 0.9828125 0.45312500000000017 0.9828125 0.45312500000000017 1 0.5046875000000002 1