33 0.3453125000000001 0.6046875 0.2812500000000001 0.6046875 0.2812500000000001 0.6390625 0.3453125000000001 0.6390625
5 0.3296875000000001 0.646875 0.27031250000000007 0.646875 0.27031250000000007 0.6734375 0.3296875000000001 0.6734375
0 0.2953125000000001 0.515625 0.2390625000000001 0.515625 0.2390625000000001 0.55 0.2953125000000001 0.55
32 0.2796875000000001 0.5578125 0.2171875000000001 0.5578125 0.2171875000000001 0.584375 0.2796875000000001 0.584375
30 0.2515625000000001 0.4734375 0.19843750000000004 0.4734375 0.19843750000000004 0.4984375 0.2515625000000001 0.4984375
26 0.2609375000000001 0.371875 0.2078125000000001 0.371875 0.2078125000000001 0.396875 0.2609375000000001 0.396875
9 0.2406250000000001 0.409375 0.2015625000000001 0.409375 0.2015625000000001 0.4296875 0.2406250000000001 0.4296875
8 0.38125 0.22968750000000004 0.334375 0.2296875 0.334375 0.2515625 0.38125 0.2515625000000001
14 0.36875 0.15000000000000005 0.31875 0.15000000000000005 0.31875 0.18125000000000005 0.36875 0.18125000000000005
17 0.3515625 0.18593750000000003 0.2984375 0.18593750000000003 0.2984375 0.21875 0.3515625 0.21875
16 0.33125 0.228125 0.275 0.228125 0.275 0.25625 0.33125 0.25625
6 0.353125 0.2671875 0.284375 0.2671875 0.284375 0.3046875 0.353125 0.3046875
37 0.4890625 0.2468750000000001 0.4140625 0.2468750000000001 0.4140625 0.2890625000000001 0.4890625 0.2890625000000001
21 0.4234375 0.17968750000000006 0.3609375 0.17968750000000006 0.3609375 0.21406250000000004 0.4234375 0.2140625000000001
15 0.9578125 0.12968750000000012 0.8390625 0.1296875000000001 0.8390625 0.2015625000000001 0.9578125 0.2015625000000001
1 0.771875 0.0906250000000001 0.6640625 0.0906250000000001 0.6640625 0.1437500000000001 0.771875 0.1437500000000001
12 0.8484375 0.0312500000000001 0.7453125 0.03125000000000009 0.7453125 0.0875000000000001 0.8484375 0.0875000000000001
35 0.6890625 0.006250000000000079 0.6109375 0.006250000000000075 0.6109375 0.04687500000000008 0.6890625 0.04687500000000009
29 0.60625 0.0015625000000000701 0.5375 0.001562500000000066 0.5375 0.02500000000000007 0.60625 0.025000000000000078
10 0.603125 0.04843750000000007 0.54375 0.048437500000000064 0.54375 0.09531250000000006 0.603125 0.09531250000000006
11 0.534375 0.004687500000000061 0.48125 0.004687500000000058 0.48125 0.026562500000000062 0.534375 0.026562500000000065
36 0.528125 0.05156250000000007 0.475 0.05156250000000007 0.475 0.08281250000000007 0.528125 0.08281250000000007
28 0.4765625 0.031250000000000056 0.4359375 0.031250000000000056 0.4359375 0.06562500000000006 0.4765625 0.06562500000000007