32 0.7703125 0.4171875000000001 0.7234375 0.4171875 0.7234375 0.4390625000000001 0.7703125 0.4390625000000002
0 0.75625 0.4531250000000001 0.70625 0.453125 0.70625 0.4765625000000001 0.75625 0.47656250000000017
30 0.7953125 0.5031250000000002 0.7546875 0.5031250000000002 0.7546875 0.5250000000000001 0.7953125 0.5250000000000001
26 0.7828125 0.6000000000000002 0.7421875 0.6000000000000002 0.7421875 0.6187500000000001 0.7828125 0.6187500000000001
9 0.796875 0.5734375000000002 0.7640625 0.5734375000000002 0.7640625 0.5890625000000002 0.796875 0.5890625000000002
6 0.703125 0.6984375 0.6515625 0.6984375 0.6515625 0.721875 0.703125 0.721875
8 0.6656250000000001 0.7484375 0.6234375000000002 0.7484375 0.6234375000000002 0.7734375 0.6656250000000001 0.7734375
21 0.6390625000000002 0.7890625 0.5890625000000002 0.7890625 0.5890625000000002 0.8125 0.6390625000000002 0.8125
14 0.6656250000000001 0.83125 0.6281250000000002 0.83125 0.6281250000000002 0.85625 0.6656250000000001 0.85625
17 0.6937500000000002 0.78125 0.6500000000000001 0.78125 0.6500000000000001 0.8 0.6937500000000002 0.8
16 0.7078125000000002 0.75625 0.6656250000000001 0.75625 0.6656250000000001 0.778125 0.7078125000000002 0.778125
28 0.5593750000000002 0.9359375 0.5125000000000002 0.9359375 0.5125000000000002 0.9578125 0.5593750000000002 0.9578125
7 0.5109375000000002 0.9796875 0.4703125000000002 0.9796875 0.4703125000000002 1 0.5109375000000002 1
10 0.4546875000000002 0.90625 0.3890625000000001 0.90625 0.3890625000000001 0.9390625 0.4546875000000002 0.9390625
35 0.4078125000000002 0.9703125 0.3390625000000001 0.9703125 0.3390625000000001 0.9984375 0.4078125000000002 0.9984375
1 0.3359375000000001 0.859375 0.2640625000000001 0.859375 0.2640625000000001 0.8953125 0.3359375000000001 0.8953125
12 0.2578125000000001 0.9203125 0.17656250000000012 0.9203125 0.17656250000000012 0.95625 0.2578125000000001 0.95625
3 0.11718750000000011 0.8859375 0.014062500000000111 0.8859375 0.014062500000000111 0.9265625 0.11718750000000014 0.9265625
29 0.46406250000000016 0.9703125 0.4203125000000002 0.9703125 0.4203125000000002 0.9921875 0.46406250000000016 0.9921875