11 0.975 0.7484375000000002 0.9265625 0.7484375000000002 0.9265625 0.8359375 0.975 0.8359375
35 0.99375 0.6343750000000001 0.965625 0.6343750000000001 0.965625 0.6984375000000002 0.99375 0.6984375000000002
1 0.9171875 0.6078125000000002 0.8515625 0.6078125000000002 0.8515625 0.7109375000000002 0.9171875 0.7109375000000002
0 0.4890625 0.2484375000000001 0.4453125 0.2484375000000001 0.4453125 0.3109375000000001 0.4890625 0.3109375000000001
17 0.8140625 0.2984375000000001 0.784375 0.2984375000000001 0.784375 0.3593750000000001 0.8140625 0.3593750000000001
16 0.7734375 0.2640625000000001 0.7453125 0.2640625000000001 0.7453125 0.3234375000000001 0.7734375 0.3234375000000001
6 0.734375 0.28593750000000007 0.69375 0.28593750000000007 0.69375 0.3531250000000001 0.734375 0.3531250000000001
26 0.6453125 0.2171875000000001 0.6171875 0.2171875000000001 0.6171875 0.25468750000000007 0.6453125 0.25468750000000007
9 0.5984375 0.1984375000000001 0.5609375 0.1984375000000001 0.5609375 0.2453125000000001 0.5984375 0.2453125000000001
37 0.8171875 0.36406250000000007 0.7796875 0.36406250000000007 0.7796875 0.44531250000000017 0.8171875 0.44531250000000017
37 0.846875 0.3109375000000001 0.815625 0.3109375000000001 0.815625 0.3734375000000001 0.846875 0.3734375000000001
32 0.4421875 0.22656250000000008 0.415625 0.22656250000000008 0.415625 0.2906250000000001 0.4421875 0.2906250000000001
5 0.3640625 0.22968750000000004 0.3359375 0.2296875 0.3359375 0.30937500000000007 0.3640625 0.30937500000000007
30 0.5359375 0.18906250000000005 0.5046875 0.18906250000000005 0.5046875 0.2578125000000001 0.5359375 0.2578125000000001
3 0.95 0.88125 0.878125 0.88125 0.878125 0.9953125 0.95 0.9953125
15 0.803125 0.6687500000000001 0.671875 0.66875 0.6718750000000001 0.8453125 0.803125 0.8453125
29 0.9953125 0.5296875000000002 0.9671875 0.5296875000000002 0.9671875 0.5875000000000001 0.9953125 0.5875000000000001
11 0.9953125 0.4671875000000002 0.975 0.4671875000000002 0.975 0.5265625000000002 0.9953125 0.5265625000000002
36 0.953125 0.45625000000000016 0.91875 0.45625000000000016 0.91875 0.5218750000000002 0.953125 0.5218750000000002