5 0.35625000000000007 0.6953125 0.3375000000000001 0.6953125 0.3375000000000001 0.7515625 0.35625000000000007 0.7515625
33 0.4140625 0.6609375 0.38750000000000007 0.6609375 0.38750000000000007 0.7171875 0.4140625 0.7171875
0 0.4734375 0.6796875 0.4546875 0.6796875 0.4546875 0.725 0.4734375 0.725
32 0.4390625000000001 0.71875 0.4171875 0.71875 0.4171875000000001 0.76875 0.4390625000000002 0.76875
30 0.5218750000000002 0.7453125 0.5000000000000002 0.7453125 0.5000000000000002 0.7921875 0.5218750000000002 0.7921875
9 0.5828125000000002 0.7578125 0.5609375000000002 0.7578125 0.5609375000000002 0.7984375 0.5828125000000002 0.7984375
26 0.6281250000000002 0.74375 0.6062500000000002 0.74375 0.6062500000000002 0.78125 0.6281250000000002 0.78125
6 0.7234375 0.65 0.6921875 0.65 0.6921875 0.696875 0.7234375 0.696875
8 0.771875 0.6203125000000002 0.75 0.6203125000000002 0.75 0.6671875000000002 0.771875 0.6671875000000002
16 0.759375 0.6703125000000002 0.734375 0.6703125000000002 0.734375 0.7140625000000002 0.759375 0.7140625000000002
21 0.81875 0.5859375000000002 0.7953125 0.5859375000000002 0.7953125 0.6343750000000001 0.81875 0.6343750000000001
17 0.803125 0.6515625000000002 0.78125 0.6515625000000002 0.78125 0.6890625000000001 0.803125 0.6890625000000001
14 0.840625 0.6296875000000002 0.821875 0.6296875000000002 0.821875 0.6781250000000002 0.840625 0.6781250000000002
37 0.7453125 0.5234375000000001 0.7125 0.5234375 0.7125 0.5796875000000001 0.7453125 0.5796875000000001
15 0.8515625 0.1062500000000001 0.7828125 0.1062500000000001 0.7828125 0.2000000000000001 0.8515625 0.2000000000000001
12 0.9671875 0.16250000000000014 0.925 0.16250000000000014 0.925 0.2328125000000001 0.9671875 0.2328125000000001
1 0.9 0.2750000000000001 0.8578125 0.2750000000000001 0.8578125 0.3437500000000001 0.9 0.3437500000000001
10 0.9390625 0.34843750000000007 0.8984375 0.34843750000000007 0.8984375 0.4078125000000002 0.9390625 0.4078125000000002
35 0.9953125 0.3125000000000001 0.9625 0.3125000000000001 0.9625 0.3750000000000001 0.9953125 0.3750000000000001
36 0.94375 0.46875000000000017 0.921875 0.46875000000000017 0.921875 0.5156250000000002 0.94375 0.5156250000000002
29 0.9921875 0.4187500000000002 0.9671875 0.4187500000000002 0.9671875 0.46875000000000017 0.9921875 0.46875000000000017
11 0.99375 0.4750000000000002 0.96875 0.4750000000000002 0.96875 0.5093750000000001 0.99375 0.5093750000000001
28 0.9578125 0.5125000000000002 0.9453125 0.5125000000000002 0.9453125 0.5546875000000002 0.9578125 0.5546875000000002