5 0.6859375 0.2687500000000001 0.6515625 0.2687500000000001 0.6515625 0.3203125000000001 0.6859375 0.3203125000000001
33 0.646875 0.2843750000000001 0.6234375 0.2843750000000001 0.6234375 0.3390625000000001 0.646875 0.3390625000000001
0 0.546875 0.2500000000000001 0.521875 0.2500000000000001 0.521875 0.2953125000000001 0.546875 0.2953125000000001
32 0.578125 0.22656250000000008 0.553125 0.22656250000000008 0.553125 0.2796875000000001 0.578125 0.2796875000000001
30 0.4953125 0.2093750000000001 0.4734375 0.2093750000000001 0.4734375 0.2515625000000001 0.4953125 0.2515625000000001
24 0.45625 0.2234375000000001 0.4296875 0.2234375000000001 0.4296875 0.2656250000000001 0.45625 0.2656250000000001
26 0.3921875 0.22031250000000008 0.36875 0.22031250000000008 0.36875 0.2578125000000001 0.3921875 0.2578125000000001
9 0.4265625 0.19687500000000005 0.4078125 0.19687500000000005 0.4078125 0.2406250000000001 0.4265625 0.2406250000000001
17 0.21875 0.296875 0.19843750000000004 0.296875 0.19843750000000004 0.3390625 0.21875 0.3390625
8 0.2515625 0.3328125 0.228125 0.3328125 0.22812500000000005 0.3796875 0.2515625000000001 0.3796875
16 0.2515625 0.290625 0.23125 0.290625 0.23125 0.3359375 0.2515625 0.3359375
14 0.17343750000000005 0.3390625 0.15000000000000005 0.3390625 0.15000000000000005 0.378125 0.17343750000000005 0.378125
21 0.2062500000000001 0.3765625 0.18437500000000004 0.3765625 0.18437500000000004 0.415625 0.2062500000000001 0.415625
6 0.3015625 0.3015625 0.2796875 0.3015625 0.2796875 0.3515625 0.3015625 0.3515625
13 0.3218750000000001 0.3828125 0.3000000000000001 0.3828125 0.3000000000000001 0.43125 0.3218750000000001 0.43125
37 0.2796875000000001 0.428125 0.2531250000000001 0.428125 0.2531250000000001 0.4828125 0.2796875000000001 0.4828125
7 0.3578125000000001 0.46875 0.3218750000000001 0.46875 0.3218750000000001 0.5296875 0.3578125000000001 0.5296875
38 0.4421875 0.41875 0.4140625 0.41875 0.4140625 0.4890625 0.4421875 0.4890625
34 0.4953125 0.3921875000000001 0.4703125 0.3921875000000001 0.4703125 0.4546875 0.4953125 0.4546875
15 0.1890625000000001 0.859375 0.1390625000000001 0.859375 0.13906250000000012 0.959375 0.18906250000000013 0.959375
12 0.0812500000000001 0.753125 0.050000000000000086 0.753125 0.0500000000000001 0.828125 0.08125000000000011 0.828125
1 0.1375000000000001 0.6765625 0.0906250000000001 0.6765625 0.0906250000000001 0.7546875 0.1375000000000001 0.7546875
10 0.07500000000000008 0.6125 0.04843750000000008 0.6125 0.04843750000000008 0.675 0.0750000000000001 0.675
29 0.03125000000000007 0.5390625 6.6016116516537e-17 0.5390625 6.888638245203862e-17 0.5859375 0.03125000000000007 0.5859375
36 0.07656250000000006 0.4921875 0.05156250000000007 0.4921875 0.05156250000000007 0.53125 0.07656250000000006 0.53125