5 0.6531250000000001 0.7078125 0.63125 0.7078125 0.6312500000000001 0.7578125 0.6531250000000002 0.7578125
32 0.5828125000000001 0.721875 0.5609375 0.721875 0.5609375000000001 0.771875 0.5828125000000002 0.771875
0 0.55 0.7 0.5265625 0.7 0.5265625 0.753125 0.5500000000000002 0.753125
30 0.4968750000000002 0.7515625 0.4734375000000002 0.7515625 0.4734375000000002 0.7953125 0.4968750000000002 0.7953125
26 0.39531250000000007 0.7453125 0.3765625000000001 0.7453125 0.3765625000000001 0.7859375 0.39531250000000007 0.7859375
9 0.43281250000000016 0.7609375 0.41406250000000017 0.7609375 0.41406250000000017 0.7984375 0.43281250000000016 0.7984375
6 0.30156250000000007 0.6453125 0.2765625000000001 0.6453125 0.2765625000000001 0.6984375 0.30156250000000007 0.6984375
8 0.2515625000000001 0.6234375 0.22656250000000008 0.6234375 0.22656250000000008 0.671875 0.2515625000000001 0.671875
21 0.2093750000000001 0.5734375 0.18750000000000008 0.5734375 0.18750000000000008 0.6265625 0.2093750000000001 0.6265625
16 0.2500000000000001 0.66875 0.22812500000000008 0.66875 0.22812500000000008 0.7125 0.2500000000000001 0.7125
17 0.2171875000000001 0.6484375 0.1984375000000001 0.6484375 0.1984375000000001 0.6984375 0.2171875000000001 0.6984375
14 0.18125000000000008 0.6296875 0.1546875000000001 0.6296875 0.1546875000000001 0.6703125 0.18125000000000008 0.6703125
36 0.07968750000000006 0.4875 0.050000000000000065 0.4875 0.050000000000000065 0.5375 0.07968750000000006 0.5375
29 0.029687500000000054 0.4234375 0.0015625000000000521 0.4234375 0.0015625000000000552 0.4734375 0.029687500000000054 0.4734375
1 0.13750000000000004 0.3015625 0.08906250000000004 0.3015625 0.08906250000000004 0.3875 0.13750000000000004 0.3875
12 0.08281250000000002 0.171875 0.03906250000000002 0.171875 0.03906250000000003 0.25 0.08281250000000002 0.25
35 0.03593750000000004 0.315625 0.001562500000000039 0.315625 0.001562500000000043 0.384375 0.035937500000000046 0.384375
35 0.1109375 0.010937500000000011 0.0578125 0.010937500000000008 0.05781250000000001 0.109375 0.1109375 0.109375
15 0.1671875 0.06718750000000002 0.103125 0.06718750000000002 0.103125 0.1765625 0.1671875 0.1765625
37 0.2765625000000001 0.528125 0.2453125000000001 0.528125 0.2453125000000001 0.596875 0.2765625000000001 0.596875