0 0.546875 0.2515625000000001 0.5265625 0.2515625000000001 0.5265625 0.2968750000000001 0.546875 0.2968750000000001
32 0.5859375 0.2234375000000001 0.55625 0.2234375000000001 0.55625 0.2843750000000001 0.5859375 0.2843750000000001
30 0.4984375 0.2093750000000001 0.4703125 0.2093750000000001 0.4703125 0.25468750000000007 0.4984375 0.25468750000000007
9 0.434375 0.19531250000000006 0.415625 0.19531250000000006 0.415625 0.2453125000000001 0.434375 0.2453125000000001
26 0.39375 0.22031250000000008 0.3734375 0.22031250000000008 0.3734375 0.2609375000000001 0.39375 0.2609375000000001
6 0.3078125 0.3 0.278125 0.3 0.278125 0.359375 0.3078125 0.359375
16 0.2625 0.2671875 0.2375 0.2671875 0.2375 0.3140625 0.2625 0.3140625
14 0.18281250000000004 0.3328125 0.16093750000000004 0.3328125 0.16093750000000004 0.375 0.18281250000000004 0.375
17 0.2171875 0.3015625 0.19218750000000004 0.3015625 0.19218750000000004 0.346875 0.2171875 0.346875
8 0.25625000000000003 0.3328125 0.225 0.3328125 0.22500000000000003 0.38125 0.2562500000000001 0.38125
21 0.21093750000000008 0.371875 0.17500000000000004 0.371875 0.17500000000000004 0.41875 0.21093750000000008 0.41875
28 0.06875000000000006 0.446875 0.04062500000000006 0.446875 0.040625000000000064 0.50625 0.06875000000000006 0.50625
11 0.017187500000000057 0.4734375 5.79793718971325e-17 0.4734375 6.08496378326341e-17 0.5203125 0.01718750000000006 0.5203125
29 0.026562500000000072 0.5359375 0.0031250000000000652 0.5359375 0.0031250000000000696 0.6046875 0.02656250000000008 0.6046875
1 0.1546875000000001 0.65 0.09375000000000008 0.65 0.09375000000000008 0.7453125 0.1546875000000001 0.7453125
12 0.0640625000000001 0.7640625 0.023437500000000094 0.7640625 0.0234375000000001 0.85 0.0640625000000001 0.85
3 0.11875000000000013 0.9078125 0.06250000000000011 0.9078125 0.06250000000000012 1 0.11875000000000013 1