33 0.3531250000000001 0.5890625 0.2828125000000001 0.5890625 0.2828125000000001 0.615625 0.3531250000000001 0.615625
5 0.2921875000000001 0.625 0.22656250000000008 0.625 0.22656250000000008 0.6546875 0.2921875000000001 0.6546875
0 0.2875000000000001 0.5171875 0.23437500000000008 0.5171875 0.23437500000000008 0.5484375 0.2875000000000001 0.5484375
33 0.2812500000000001 0.559375 0.2250000000000001 0.559375 0.2250000000000001 0.58125 0.2812500000000001 0.58125
30 0.2515625000000001 0.4734375 0.19843750000000004 0.4734375 0.19843750000000004 0.5 0.2515625000000001 0.5
26 0.2640625000000001 0.3703125 0.2140625000000001 0.3703125 0.2140625000000001 0.4015625 0.2640625000000001 0.4015625
9 0.2484375000000001 0.4125 0.19531250000000006 0.4125 0.19531250000000006 0.4375 0.2484375000000001 0.4375
6 0.3546875 0.271875 0.2921875 0.271875 0.2921875 0.309375 0.3546875 0.309375
37 0.48125 0.24375000000000008 0.40625 0.24375000000000008 0.40625 0.27812500000000007 0.48125 0.27812500000000007
21 0.421875 0.18437500000000004 0.3671875 0.18437500000000004 0.3671875 0.22031250000000008 0.421875 0.22031250000000008
8 0.3875 0.22031250000000005 0.3390625 0.2203125 0.3390625 0.24687500000000004 0.3875 0.2468750000000001
14 0.3765625 0.15156250000000004 0.3140625 0.15156250000000004 0.3140625 0.18125000000000005 0.3765625 0.18125000000000005
17 0.3484375 0.19531250000000006 0.2921875 0.19531250000000006 0.2921875 0.2203125 0.3484375 0.2203125
16 0.334375 0.2203125 0.2875 0.2203125 0.2875 0.25 0.334375 0.25
15 0.9328125 0.1328125000000001 0.8234375 0.13281250000000008 0.8234375 0.1984375000000001 0.9328125 0.19843750000000013
1 0.7453125 0.08906250000000009 0.6546875 0.08906250000000009 0.6546875 0.1531250000000001 0.7453125 0.1531250000000001
12 0.8578125 0.0218750000000001 0.765625 0.021875000000000096 0.765625 0.0812500000000001 0.8578125 0.08125000000000011
10 0.6546875 0.06562500000000007 0.5609375 0.06562500000000007 0.5609375 0.10000000000000009 0.6546875 0.10000000000000009
35 0.6859375 0.00312500000000008 0.609375 0.0031250000000000748 0.609375 0.042187500000000086 0.6859375 0.042187500000000086
36 0.5140625 0.04687500000000006 0.4515625 0.046875000000000056 0.4515625 0.07968750000000005 0.5140625 0.07968750000000006
29 0.5828125 0.0046875000000000675 0.5203125 0.004687500000000064 0.5203125 0.034375000000000065 0.5828125 0.034375000000000065