11 0.0734375000000001 0.7484375 0.025000000000000088 0.7484375 0.025000000000000095 0.8359375 0.07343750000000011 0.8359375
35 0.034375000000000086 0.634375 0.007812500000000078 0.634375 0.007812500000000082 0.6984375 0.034375000000000086 0.6984375
1 0.15000000000000008 0.6078125 0.08437500000000006 0.6078125 0.08437500000000007 0.7109375 0.15000000000000008 0.7109375
0 0.5546875 0.2484375000000001 0.5125 0.2484375000000001 0.5125 0.3109375000000001 0.5546875 0.3109375000000001
17 0.215625 0.2984375 0.18593750000000003 0.2984375 0.18593750000000003 0.359375 0.215625 0.359375
16 0.2546875 0.2640625 0.228125 0.2640625 0.228125 0.3234375 0.2546875 0.3234375
6 0.3078125 0.2859375 0.2671875 0.2859375 0.2671875 0.353125 0.3078125 0.353125
26 0.3828125 0.21718750000000003 0.3546875 0.2171875 0.3546875 0.25468750000000007 0.3828125 0.25468750000000007
9 0.4390625 0.19843750000000004 0.403125 0.19843750000000004 0.403125 0.2453125000000001 0.4390625 0.2453125000000001
37 0.22031250000000008 0.3640625 0.18437500000000004 0.3640625 0.18437500000000004 0.4453125 0.22031250000000008 0.4453125
37 0.18437500000000004 0.3109375 0.15312500000000004 0.3109375 0.15312500000000004 0.3734375 0.18437500000000004 0.3734375
32 0.584375 0.22656250000000008 0.5578125 0.22656250000000008 0.5578125 0.2906250000000001 0.584375 0.2906250000000001
5 0.6640625 0.2296875000000001 0.6359375 0.2296875000000001 0.6359375 0.30937500000000007 0.6640625 0.30937500000000007
30 0.4953125 0.18906250000000005 0.4640625 0.18906250000000005 0.4640625 0.2578125000000001 0.4953125 0.2578125000000001
3 0.12343750000000012 0.88125 0.05156250000000011 0.88125 0.05156250000000011 0.9953125 0.12343750000000013 0.9953125
15 0.3281250000000001 0.66875 0.19687500000000008 0.66875 0.19687500000000008 0.8453125 0.3281250000000001 0.8453125
29 0.032812500000000064 0.5296875 0.004687500000000065 0.5296875 0.004687500000000068 0.5875 0.032812500000000064 0.5875
11 0.026562500000000062 0.4671875 0.0062500000000000585 0.4671875 0.006250000000000061 0.5265625 0.026562500000000065 0.5265625
36 0.08281250000000007 0.4546875 0.046875000000000056 0.4546875 0.04687500000000006 0.521875 0.08281250000000007 0.521875