5 0.5453125 0.18281250000000007 0.521875 0.18281250000000004 0.521875 0.2312500000000001 0.5453125 0.2312500000000001
33 0.56875 0.2453125000000001 0.5453125 0.2453125000000001 0.5453125 0.2984375000000001 0.56875 0.2984375000000001
32 0.5859375 0.2328125000000001 0.5609375 0.2328125000000001 0.5609375 0.27812500000000007 0.5859375 0.27812500000000007
7 0.3515625000000001 0.4625 0.31718750000000007 0.4625 0.31718750000000007 0.540625 0.3515625000000001 0.540625
37 0.3109375000000001 0.4359375 0.27812500000000007 0.4359375 0.27812500000000007 0.5 0.3109375000000001 0.5
1 0.1437500000000001 0.6515625 0.10156250000000008 0.6515625 0.10156250000000008 0.7453125 0.1437500000000001 0.7453125
12 0.0718750000000001 0.7515625 0.025000000000000088 0.7515625 0.025000000000000095 0.8171875 0.0718750000000001 0.8171875
29 0.03750000000000007 0.5203125 0.009375000000000064 0.5203125 0.009375000000000067 0.5828125 0.03750000000000007 0.5828125
15 0.06250000000000007 0.4796875 0.03437500000000006 0.4796875 0.03437500000000006 0.5453125 0.06250000000000007 0.5453125
28 0.05000000000000006 0.428125 0.025000000000000057 0.428125 0.025000000000000057 0.4765625 0.050000000000000065 0.4765625
34 0.4671875 0.3843750000000001 0.4453125 0.3843750000000001 0.4453125 0.45 0.4671875 0.45