5 0.7546875 0.34843750000000007 0.6828125 0.34843750000000007 0.6828125 0.3703125000000001 0.7546875 0.3703125000000001
33 0.7234375 0.38750000000000007 0.653125 0.38750000000000007 0.653125 0.4125 0.7234375 0.4125
32 0.78125 0.4140625000000001 0.7234375 0.4140625 0.7234375 0.4359375000000001 0.78125 0.4359375000000002
0 0.7625 0.44218750000000007 0.7 0.4421875 0.7 0.4718750000000001 0.7625 0.47187500000000016
30 0.8 0.5015625000000001 0.746875 0.5015625000000001 0.746875 0.5312500000000002 0.8 0.5312500000000002
24 0.78125 0.5406250000000001 0.7265625 0.5406250000000001 0.7265625 0.5671875000000002 0.78125 0.5671875000000002
26 0.771875 0.5890625 0.715625 0.5890625 0.715625 0.6203125 0.771875 0.6203125000000002
34 0.6328125 0.5296875 0.5609375 0.5296875 0.5609375 0.5671875 0.6328125 0.5671875
38 0.6046875 0.590625 0.5203125 0.590625 0.5203125 0.63125 0.6046875 0.63125
7 0.5296875 0.6296875 0.4484375 0.6296875 0.4484375 0.6703125 0.5296875 0.6703125
13 0.615625 0.646875 0.5375 0.646875 0.5375 0.68125 0.615625 0.68125
37 0.5578125 0.6953125 0.4765625 0.6953125 0.4765625000000001 0.7328125 0.5578125000000002 0.7328125
6 0.7078125000000001 0.6921875 0.65 0.6921875 0.6500000000000001 0.7296875 0.7078125000000002 0.7296875
8 0.6703125000000002 0.746875 0.6109375000000001 0.746875 0.6109375000000001 0.771875 0.6703125000000002 0.771875
17 0.7031250000000002 0.78125 0.6406250000000002 0.78125 0.6406250000000002 0.8109375 0.7031250000000002 0.8109375
14 0.6765625000000002 0.8140625 0.6171875000000002 0.8140625 0.6171875000000002 0.8515625 0.6765625000000002 0.8515625
16 0.7156250000000002 0.7359375 0.6640625000000002 0.7359375 0.6640625000000002 0.75625 0.7156250000000002 0.75625
15 0.22031250000000008 0.8296875 0.08125000000000011 0.8296875 0.08125000000000011 0.8890625 0.22031250000000008 0.8890625
12 0.24218750000000008 0.928125 0.15468750000000014 0.928125 0.15468750000000014 0.978125 0.24218750000000008 0.978125
1 0.3156250000000001 0.8578125 0.2250000000000001 0.8578125 0.2250000000000001 0.90625 0.3156250000000001 0.90625
10 0.4421875000000002 0.8984375 0.3546875000000001 0.8984375 0.3546875000000001 0.940625 0.4421875000000002 0.940625
35 0.4000000000000002 0.9515625 0.3187500000000001 0.9515625 0.3187500000000001 0.9828125 0.4000000000000002 0.9828125
36 0.5343750000000002 0.921875 0.4656250000000002 0.921875 0.4656250000000002 0.9515625 0.5343750000000002 0.9515625
11 0.5125000000000002 0.9828125 0.4437500000000002 0.9828125 0.4437500000000002 0.9984375 0.5125000000000002 0.9984375