0 0.8953125 1.0457335558344195e-16 0.8125 9.950255243072244e-17 0.8125 0.0968750000000001 0.8953125 0.09687500000000011
12 0.9765625 0.11875000000000013 0.9203125 0.11875000000000013 0.9203125 0.2078125000000001 0.9765625 0.2078125000000001
1 0.9046875 0.2156250000000001 0.8578125 0.2156250000000001 0.8578125 0.2968750000000001 0.9046875 0.2968750000000001
37 0.7328125 0.4921875000000001 0.703125 0.4921875 0.703125 0.5703125000000001 0.7328125 0.5703125000000002
7 0.6890625 0.459375 0.6390625 0.459375 0.6390625 0.5625 0.6890625 0.5625
34 0.5359375 0.528125 0.5046875 0.528125 0.5046875 0.571875 0.5359375 0.571875
10 0.8921875 0.5359375000000002 0.859375 0.5359375000000002 0.859375 0.6156250000000002 0.8921875 0.6156250000000002
29 0.9859375 0.3921875000000001 0.9609375 0.3921875000000001 0.9609375 0.46093750000000017 0.9859375 0.46093750000000017
11 1 0.45312500000000017 0.990625 0.45312500000000017 0.990625 0.5093750000000001 1 0.5093750000000001
15 0.959375 0.4343750000000002 0.921875 0.4343750000000002 0.921875 0.5093750000000001 0.959375 0.5093750000000001
28 0.965625 0.5093750000000001 0.940625 0.5093750000000001 0.940625 0.5718750000000001 0.965625 0.5718750000000001
26 0.6265625000000001 0.7421875 0.6078125000000002 0.7421875 0.6078125000000002 0.7875 0.6265625000000001 0.7875
30 0.5390625000000002 0.74375 0.5109375000000002 0.74375 0.5109375000000002 0.803125 0.5390625000000002 0.803125
24 0.4390625000000002 0.7328125 0.4234375000000002 0.7328125 0.4234375000000002 0.7734375 0.4390625000000002 0.7734375
32 0.4234375000000001 0.715625 0.4171875 0.715625 0.4171875000000001 0.765625 0.4234375000000002 0.765625