32 0.76875 0.4078125000000002 0.734375 0.4078125000000002 0.734375 0.44062500000000016 0.76875 0.44062500000000016
26 0.7875 0.6015625000000002 0.73125 0.6015625000000002 0.73125 0.6156250000000002 0.7875 0.6156250000000002
9 0.7953125 0.5609375000000002 0.7609375 0.5609375000000002 0.7609375 0.5671875000000002 0.7953125 0.5671875000000002
30 0.803125 0.5250000000000001 0.75 0.5250000000000001 0.75 0.5484375000000001 0.803125 0.5484375000000001
24 0.8109375 0.6562500000000002 0.7453125 0.6562500000000002 0.7453125 0.6750000000000002 0.8109375 0.6750000000000002
33 0.8078125 0.6406250000000002 0.7578125 0.6406250000000002 0.7578125 0.6562500000000002 0.8078125 0.6562500000000002
37 0.5750000000000001 0.703125 0.5078125 0.703125 0.5078125000000001 0.73125 0.5750000000000002 0.73125
7 0.525 0.6515625 0.4625 0.6515625 0.4625 0.6796875 0.525 0.6796875
34 0.6296875 0.546875 0.565625 0.546875 0.565625 0.571875 0.6296875 0.571875
1 0.3046875000000001 0.8625 0.2234375000000001 0.8625 0.2234375000000001 0.9 0.3046875000000001 0.9
12 0.2156250000000001 0.934375 0.12500000000000014 0.934375 0.12500000000000014 0.96875 0.2156250000000001 0.96875
10 0.47187500000000016 0.896875 0.4031250000000002 0.896875 0.4031250000000002 0.93125 0.47187500000000016 0.93125
29 0.4781250000000002 0.965625 0.40937500000000016 0.965625 0.40937500000000016 0.9890625 0.4781250000000002 0.9890625
15 0.4984375000000002 0.94375 0.43281250000000016 0.94375 0.43281250000000016 0.9671875 0.4984375000000002 0.9671875
28 0.5687500000000002 0.94375 0.5156250000000002 0.94375 0.5156250000000002 0.965625 0.5687500000000002 0.965625