33 0.4125 0.6578125 0.3859375000000001 0.6578125 0.3859375000000001 0.7203125 0.4125 0.7203125
5 0.3859375000000001 0.6828125 0.3625000000000001 0.6828125 0.3625000000000001 0.7421875 0.3859375000000001 0.7421875
0 0.4593750000000001 0.6921875 0.43125 0.6921875 0.4312500000000001 0.746875 0.4593750000000002 0.746875
32 0.4453125000000001 0.71875 0.4203125 0.71875 0.4203125000000001 0.76875 0.44531250000000017 0.76875
24 0.5656250000000002 0.7296875 0.5437500000000002 0.7296875 0.5437500000000002 0.7796875 0.5656250000000002 0.7796875
30 0.5437500000000002 0.753125 0.5250000000000001 0.753125 0.5250000000000001 0.8015625 0.5437500000000002 0.8015625
9 0.5953125000000001 0.759375 0.5765625000000002 0.759375 0.5765625000000002 0.80625 0.5953125000000001 0.80625
34 0.5625 0.565625 0.525 0.565625 0.525 0.634375 0.5625 0.634375
7 0.6390625 0.43125 0.6109375 0.43125 0.6109375 0.5078125 0.6390625 0.5078125
37 0.7390625 0.5203125000000001 0.7046875 0.5203125 0.7046875 0.5875000000000001 0.7390625 0.5875000000000001
13 0.6765625 0.5515625 0.6515625 0.5515625 0.6515625 0.609375 0.6765625 0.609375
6 0.725 0.6453125 0.7 0.6453125 0.7 0.6984375 0.725 0.6984375
21 0.809375 0.5890625000000002 0.784375 0.5890625000000002 0.784375 0.6390625000000002 0.809375 0.6390625000000002
8 0.771875 0.6125000000000002 0.7484375 0.6125000000000002 0.7484375 0.6687500000000002 0.771875 0.6687500000000002
14 0.828125 0.6343750000000001 0.809375 0.6343750000000001 0.809375 0.6875000000000002 0.828125 0.6875000000000002
17 0.8015625 0.6484375000000002 0.7828125 0.6484375000000002 0.7828125 0.7046875000000001 0.8015625 0.7046875000000001
16 0.7546875 0.6671875000000002 0.7375 0.6671875000000002 0.7375 0.7171875000000002 0.7546875 0.7171875000000002
15 0.8390625 0.0500000000000001 0.7734375 0.050000000000000086 0.7734375 0.18750000000000008 0.8390625 0.18750000000000008
12 0.9734375 0.14218750000000013 0.9328125 0.14218750000000013 0.9328125 0.2296875000000001 0.9734375 0.2296875000000001
1 0.90625 0.2296875000000001 0.8625 0.2296875000000001 0.8625 0.3156250000000001 0.90625 0.3156250000000001
35 0.9828125 0.3109375000000001 0.9484375 0.3109375000000001 0.9484375 0.3828125000000001 0.9828125 0.3828125000000001
10 0.946875 0.3421875000000001 0.909375 0.3421875000000001 0.909375 0.4156250000000002 0.946875 0.4156250000000002
36 0.95 0.4625000000000002 0.9203125 0.4625000000000002 0.9203125 0.5296875000000002 0.95 0.5296875000000002
11 1 0.4546875000000002 0.984375 0.4546875000000002 0.984375 0.5156250000000002 1 0.5156250000000002
28 0.9640625 0.5125000000000002 0.9390625 0.5125000000000002 0.9390625 0.5562500000000001 0.9640625 0.5562500000000001