5 0.6453125000000001 0.690625 0.6265625 0.690625 0.6265625000000001 0.734375 0.6453125000000002 0.734375
33 0.6171875 0.6578125 0.596875 0.6578125 0.596875 0.7078125 0.6171875 0.7078125
32 0.5875000000000001 0.7203125 0.5671875 0.7203125 0.5671875000000001 0.7671875 0.5875000000000001 0.7671875
0 0.5515625000000001 0.6921875 0.5265625 0.6921875 0.5265625 0.7390625 0.5515625000000002 0.7390625
30 0.4968750000000002 0.7421875 0.47187500000000016 0.7421875 0.47187500000000016 0.790625 0.4968750000000002 0.790625
24 0.45781250000000007 0.71875 0.4359375 0.71875 0.4359375000000001 0.7625 0.4578125000000002 0.7625
9 0.4265625000000002 0.7625 0.4109375000000002 0.7625 0.4109375000000002 0.79375 0.4265625000000002 0.79375
26 0.3921875000000001 0.7375 0.3703125000000001 0.7375 0.3703125000000001 0.784375 0.3921875000000001 0.784375
34 0.496875 0.546875 0.4625 0.546875 0.4625 0.615625 0.496875 0.615625
38 0.446875 0.4890625 0.4171875 0.4890625 0.4171875 0.56875 0.446875 0.56875
7 0.3734375000000001 0.48125 0.3421875000000001 0.48125 0.3421875000000001 0.540625 0.3734375000000001 0.540625
13 0.3500000000000001 0.5578125 0.3187500000000001 0.5578125 0.3187500000000001 0.6015625 0.3500000000000001 0.6015625
37 0.2796875000000001 0.51875 0.2453125000000001 0.51875 0.2453125000000001 0.58125 0.2796875000000001 0.58125
6 0.2984375000000001 0.6453125 0.2765625000000001 0.6453125 0.2765625000000001 0.7015625 0.2984375000000001 0.7015625
8 0.2531250000000001 0.6109375 0.2312500000000001 0.6109375 0.2312500000000001 0.6609375 0.2531250000000001 0.6609375
17 0.2218750000000001 0.64375 0.1937500000000001 0.64375 0.1937500000000001 0.6890625 0.2218750000000001 0.6890625
16 0.2453125000000001 0.665625 0.22656250000000008 0.665625 0.22656250000000008 0.696875 0.2453125000000001 0.696875
14 0.1859375000000001 0.6125 0.1625000000000001 0.6125 0.1625000000000001 0.665625 0.1859375000000001 0.665625
15 0.19062500000000002 0.13281250000000003 0.140625 0.1328125 0.14062500000000003 0.2265625 0.19062500000000004 0.2265625
1 0.12343750000000005 0.2890625 0.08437500000000005 0.2890625 0.08437500000000005 0.365625 0.12343750000000005 0.365625
35 0.02500000000000004 0.296875 3.6356701849687046e-17 0.296875 3.9513994378738814e-17 0.3484375 0.025000000000000043 0.3484375
10 0.09062500000000004 0.3828125 0.057812500000000044 0.3828125 0.057812500000000044 0.44375 0.09062500000000004 0.44375
36 0.07343750000000007 0.4734375 0.045312500000000054 0.4734375 0.04531250000000006 0.5296875 0.07343750000000007 0.5296875
29 0.031250000000000056 0.421875 0.007812500000000052 0.421875 0.007812500000000056 0.46875 0.031250000000000056 0.46875