33 0.7203125 0.5859375 0.659375 0.5859375 0.659375 0.6125 0.7203125 0.6125
5 0.746875 0.6187500000000001 0.6921875 0.61875 0.6921875 0.64375 0.746875 0.6437500000000002
0 0.740625 0.534375 0.690625 0.534375 0.690625 0.5562500000000001 0.740625 0.5562500000000001
32 0.7703125 0.5562500000000001 0.7171875 0.55625 0.7171875 0.58125 0.7703125 0.5812500000000002
24 0.7765625 0.43750000000000017 0.7296875 0.43750000000000017 0.7296875 0.4593750000000002 0.7765625 0.4593750000000002
30 0.8 0.4734375000000002 0.753125 0.4734375000000002 0.753125 0.49531250000000016 0.8 0.49531250000000016
9 0.803125 0.4000000000000002 0.7625 0.4000000000000002 0.7625 0.41718750000000016 0.803125 0.41718750000000016
26 0.7859375 0.3593750000000001 0.74375 0.3593750000000001 0.74375 0.3812500000000001 0.7859375 0.3812500000000001
34 0.6125 0.4609375 0.54375 0.4609375 0.54375 0.4953125 0.6125 0.4953125
38 0.5765625 0.3968750000000001 0.5015625 0.3968750000000001 0.5015625 0.4375 0.5765625 0.4375
7 0.5234375 0.3500000000000001 0.4453125 0.3500000000000001 0.4453125 0.38750000000000007 0.5234375 0.38750000000000007
13 0.6078125 0.32500000000000007 0.5484375 0.32500000000000007 0.5484375 0.3500000000000001 0.6078125 0.3500000000000001
37 0.578125 0.22812500000000008 0.51875 0.22812500000000008 0.51875 0.26250000000000007 0.578125 0.26250000000000007
6 0.703125 0.2734375000000001 0.646875 0.2734375000000001 0.646875 0.2984375000000001 0.703125 0.2984375000000001
8 0.665625 0.2296875000000001 0.61875 0.2296875000000001 0.61875 0.2531250000000001 0.665625 0.2531250000000001
21 0.6375 0.1859375000000001 0.5796875 0.1859375000000001 0.5796875 0.21093750000000008 0.6375 0.21093750000000008
16 0.715625 0.23437500000000008 0.665625 0.23437500000000008 0.665625 0.2562500000000001 0.715625 0.2562500000000001
17 0.703125 0.1937500000000001 0.653125 0.1937500000000001 0.653125 0.2156250000000001 0.703125 0.2156250000000001
14 0.6734375 0.1593750000000001 0.6203125 0.1593750000000001 0.6203125 0.1781250000000001 0.6734375 0.1781250000000001
15 0.2203125 0.17812500000000003 0.1015625 0.178125 0.10156250000000003 0.2328125 0.2203125 0.2328125
3 0.08593750000000001 0.065625 0.0015625000000000083 0.065625 0.0015625000000000114 0.1203125 0.08593750000000003 0.1203125
1 0.3390625 0.08906250000000003 0.2484375 0.08906250000000002 0.2484375 0.13906250000000003 0.3390625 0.13906250000000003
12 0.215625 0.032812500000000015 0.13125 0.03281250000000001 0.13125 0.07656250000000002 0.215625 0.07656250000000002
10 0.4296875 0.06250000000000004 0.3546875 0.06250000000000004 0.3546875 0.09687500000000004 0.4296875 0.09687500000000004
35 0.3890625 0.014062500000000044 0.3140625 0.014062500000000039 0.3140625 0.048437500000000036 0.3890625 0.04843750000000004
36 0.53125 0.050000000000000065 0.475 0.050000000000000065 0.475 0.07187500000000006 0.53125 0.07187500000000006
29 0.471875 0.007812500000000054 0.4125 0.00781250000000005 0.4125 0.03593750000000005 0.471875 0.03593750000000005