33 0.6421875 0.2812500000000001 0.6140625 0.2812500000000001 0.6140625 0.3437500000000001 0.6421875 0.3437500000000001
5 0.6546875 0.2468750000000001 0.6296875 0.2468750000000001 0.6296875 0.2968750000000001 0.6546875 0.2968750000000001
0 0.5703125 0.24218750000000008 0.5453125 0.24218750000000008 0.5453125 0.2921875000000001 0.5703125 0.2921875000000001
32 0.5859375 0.22812500000000008 0.5625 0.22812500000000008 0.5625 0.2734375000000001 0.5859375 0.2734375000000001
9 0.43125 0.2015625000000001 0.415625 0.2015625000000001 0.415625 0.23593750000000008 0.43125 0.23593750000000008
30 0.4671875 0.2062500000000001 0.446875 0.2062500000000001 0.446875 0.2531250000000001 0.4671875 0.2531250000000001
26 0.396875 0.2156250000000001 0.378125 0.2156250000000001 0.378125 0.2593750000000001 0.396875 0.2593750000000001
36 0.15000000000000005 0.3625 0.12031250000000004 0.3625 0.12031250000000004 0.4265625 0.15000000000000005 0.4265625
16 0.17656250000000004 0.315625 0.14218750000000005 0.315625 0.14218750000000005 0.390625 0.17656250000000004 0.390625
23 0.17968750000000006 0.4625 0.14218750000000005 0.4625 0.14218750000000005 0.540625 0.17968750000000006 0.540625
10 0.09687500000000007 0.5328125 0.06562500000000007 0.5328125 0.06562500000000007 0.590625 0.09687500000000007 0.590625
1 0.1390625000000001 0.68125 0.09531250000000009 0.68125 0.09531250000000009 0.775 0.1390625000000001 0.775
12 0.0703125000000001 0.775 0.0296875000000001 0.775 0.0296875000000001 0.859375 0.07031250000000011 0.859375
15 0.1968750000000001 0.7953125 0.1375000000000001 0.7953125 0.13750000000000012 0.9171875 0.19687500000000013 0.9171875
11 0.017187500000000064 0.4953125 6.065828677026735e-17 0.4953125 6.343287717458556e-17 0.540625 0.017187500000000067 0.540625
28 0.05937500000000005 0.425 0.037500000000000054 0.425 0.037500000000000054 0.4765625 0.05937500000000007 0.4765625
13 0.3265625000000001 0.378125 0.30156250000000007 0.378125 0.30156250000000007 0.434375 0.3265625000000001 0.434375
35 0.37968750000000007 0.3296875 0.35 0.3296875 0.35000000000000003 0.38906250000000003 0.37968750000000007 0.3890625000000001
37 0.2828125000000001 0.4359375 0.2515625000000001 0.4359375 0.2515625000000001 0.5046875 0.2828125000000001 0.5046875