33 0.7359375 0.2078125000000001 0.7046875 0.2078125000000001 0.7046875 0.2687500000000001 0.7359375 0.2687500000000001
32 0.5765625 0.2250000000000001 0.5515625 0.2250000000000001 0.5515625 0.2765625000000001 0.5765625 0.2765625000000001
26 0.3984375 0.2093750000000001 0.3765625 0.2093750000000001 0.3765625 0.25468750000000007 0.3984375 0.25468750000000007
0 0.4421875 0.16562500000000005 0.41875 0.16562500000000005 0.41875 0.2156250000000001 0.4421875 0.2156250000000001
30 0.475 0.2000000000000001 0.45625 0.2000000000000001 0.45625 0.2468750000000001 0.475 0.2468750000000001
5 0.3859375 0.17343750000000005 0.36875 0.17343750000000005 0.36875 0.2218750000000001 0.3859375 0.2218750000000001
24 0.12500000000000006 0.3125 0.10000000000000005 0.3125 0.10000000000000005 0.3703125 0.12500000000000006 0.3703125
15 0.09375000000000004 0.2953125 0.07031250000000004 0.2953125 0.07031250000000004 0.3421875 0.09375000000000004 0.3421875
28 0.054687500000000056 0.4265625 0.029687500000000054 0.4265625 0.029687500000000054 0.478125 0.05468750000000007 0.478125
10 0.09843750000000007 0.5375 0.06562500000000007 0.5375 0.06562500000000007 0.6171875 0.09843750000000007 0.6171875
29 0.034375000000000065 0.503125 0.00781250000000006 0.503125 0.007812500000000066 0.5703125 0.034375000000000065 0.5703125
12 0.09687500000000009 0.7203125 0.05625000000000009 0.7203125 0.05625000000000009 0.8109375 0.09687500000000009 0.8109375
1 0.1390625000000001 0.6828125 0.0906250000000001 0.6828125 0.0906250000000001 0.778125 0.1390625000000001 0.778125
7 0.3765625000000001 0.46875 0.3421875000000001 0.46875 0.3421875000000001 0.5484375 0.3765625000000001 0.5484375
37 0.3375000000000001 0.4578125 0.30156250000000007 0.4578125 0.30156250000000007 0.5140625 0.3375000000000001 0.5140625
34 0.4953125 0.3937500000000001 0.4546875 0.3937500000000001 0.4546875 0.4671875 0.4953125 0.4671875