12 0.8625 0.9328125 0.7937500000000002 0.9328125 0.7937500000000002 0.9640625 0.8625 0.9640625
1 0.7750000000000001 0.8578125 0.7078125000000002 0.8578125 0.7078125000000002 0.8984375 0.7750000000000001 0.8984375
29 0.5937500000000002 0.96875 0.5359375000000002 0.96875 0.5359375000000002 0.9890625 0.5937500000000002 0.9890625
15 0.5562500000000001 0.940625 0.5000000000000002 0.940625 0.5000000000000002 0.96875 0.5562500000000001 0.96875
11 0.5187500000000002 0.9703125 0.4625000000000002 0.9703125 0.4625000000000002 0.990625 0.5187500000000002 0.990625
28 0.47968750000000016 0.9359375 0.42187500000000017 0.9359375 0.42187500000000017 0.9671875 0.47968750000000016 0.9671875
10 0.45312500000000017 0.8578125 0.3906250000000001 0.8578125 0.3906250000000001 0.896875 0.45312500000000017 0.896875
37 0.4937500000000001 0.703125 0.434375 0.703125 0.43437500000000007 0.734375 0.4937500000000002 0.734375
7 0.53125 0.6515625 0.46875 0.6515625 0.46875 0.6890625 0.53125 0.6890625
34 0.471875 0.5046875 0.3937500000000001 0.5046875 0.3937500000000001 0.5359375 0.471875 0.5359375
33 0.3062500000000001 0.428125 0.2656250000000001 0.428125 0.2656250000000001 0.4421875 0.3062500000000001 0.4421875
32 0.2750000000000001 0.4125 0.24218750000000008 0.4125 0.24218750000000008 0.428125 0.2750000000000001 0.428125
24 0.2500000000000001 0.43125 0.2093750000000001 0.43125 0.2093750000000001 0.45 0.2500000000000001 0.45
30 0.2453125000000001 0.521875 0.2140625000000001 0.521875 0.2140625000000001 0.54375 0.2453125000000001 0.54375
26 0.2562500000000001 0.603125 0.21875000000000008 0.603125 0.21875000000000008 0.625 0.2562500000000001 0.625