33 0.615625 0.659375 0.590625 0.659375 0.590625 0.721875 0.615625 0.721875
5 0.6453125000000001 0.69375 0.6234375 0.69375 0.6234375000000001 0.75 0.6453125000000002 0.75
0 0.5562500000000001 0.696875 0.534375 0.696875 0.534375 0.7515625 0.5562500000000001 0.7515625
32 0.5828125000000001 0.7171875 0.5609375 0.7171875 0.5609375000000001 0.7640625 0.5828125000000002 0.7640625
30 0.4968750000000002 0.746875 0.4750000000000002 0.746875 0.4750000000000002 0.79375 0.4968750000000002 0.79375
24 0.46093750000000017 0.7265625 0.43750000000000017 0.7265625 0.43750000000000017 0.7734375 0.46093750000000017 0.7734375
26 0.3968750000000001 0.740625 0.37968750000000007 0.740625 0.37968750000000007 0.784375 0.3968750000000001 0.784375
9 0.4359375000000002 0.7640625 0.41406250000000017 0.7640625 0.41406250000000017 0.8046875 0.4359375000000002 0.8046875
14 0.1859375000000001 0.6203125 0.16406250000000008 0.6203125 0.16406250000000008 0.665625 0.1859375000000001 0.665625
17 0.2140625000000001 0.6515625 0.1921875000000001 0.6515625 0.1921875000000001 0.6984375 0.2140625000000001 0.6984375
8 0.2531250000000001 0.6234375 0.2296875000000001 0.6234375 0.2296875000000001 0.671875 0.2531250000000001 0.671875
16 0.2609375000000001 0.6671875 0.2390625000000001 0.6671875 0.2390625000000001 0.7125 0.2609375000000001 0.7125
6 0.3000000000000001 0.6484375 0.2718750000000001 0.6484375 0.2718750000000001 0.7015625 0.3000000000000001 0.7015625
21 0.20468750000000008 0.5796875 0.17968750000000008 0.5796875 0.17968750000000008 0.6234375 0.20468750000000008 0.6234375
37 0.28593750000000007 0.528125 0.25468750000000007 0.528125 0.25468750000000007 0.59375 0.28593750000000007 0.59375
13 0.3578125000000001 0.559375 0.3234375000000001 0.559375 0.3234375000000001 0.61875 0.3578125000000001 0.61875
38 0.4390625 0.5 0.4 0.5 0.4 0.575 0.4390625 0.575
34 0.4953125 0.55 0.4625 0.55 0.4625 0.628125 0.4953125 0.628125
7 0.3546875000000001 0.4671875 0.3156250000000001 0.4671875 0.3156250000000001 0.54375 0.3546875000000001 0.54375
3 0.115625 0.00468750000000001 0.05625 0.004687500000000007 0.05625000000000001 0.1046875 0.115625 0.1046875
15 0.19687500000000002 0.15000000000000002 0.1359375 0.15 0.13593750000000002 0.265625 0.19687500000000005 0.265625
1 0.13906250000000003 0.240625 0.09218750000000002 0.240625 0.09218750000000003 0.334375 0.13906250000000003 0.334375
12 0.07187500000000002 0.1671875 0.03125000000000002 0.1671875 0.03125000000000003 0.2421875 0.07187500000000002 0.2421875
35 0.035937500000000046 0.328125 0.004687500000000041 0.328125 0.004687500000000044 0.396875 0.035937500000000046 0.396875
36 0.07500000000000007 0.475 0.046875000000000056 0.475 0.04687500000000006 0.5328125 0.07500000000000007 0.5328125
29 0.02031250000000006 0.434375 5.319559533796316e-17 0.434375 5.625721233583154e-17 0.484375 0.02031250000000006 0.484375