26 0.825 0.5375000000000002 0.7390625 0.5375000000000002 0.7390625 0.5687500000000002 0.825 0.5687500000000002
30 0.8171875 0.5093750000000001 0.75 0.5093750000000001 0.75 0.5281250000000002 0.8171875 0.5281250000000002
9 0.8375 0.4500000000000002 0.778125 0.4500000000000002 0.778125 0.47656250000000017 0.8375 0.47656250000000017
32 0.775 0.4140625000000001 0.71875 0.4140625 0.71875 0.4390625000000001 0.775 0.4390625000000002
24 0.765625 0.37187500000000007 0.675 0.37187500000000007 0.675 0.40312500000000007 0.765625 0.4031250000000002
5 0.7140625 0.4703125 0.6234375 0.4703125 0.6234375 0.5140625 0.7140625 0.5140625
37 0.5875000000000001 0.6984375 0.5109375 0.6984375 0.5109375 0.74375 0.5875000000000001 0.74375
7 0.5390625 0.6390625 0.4453125 0.6390625 0.4453125 0.6796875 0.5390625 0.6796875
34 0.6234375 0.5125 0.5390625 0.5125 0.5390625 0.553125 0.6234375 0.553125
1 0.3359375000000001 0.878125 0.22812500000000008 0.878125 0.22812500000000008 0.934375 0.3359375000000001 0.934375
11 0.22812500000000008 0.9234375 0.11875000000000013 0.9234375 0.11875000000000013 0.9765625 0.22812500000000008 0.9765625
29 0.4859375000000002 0.9625 0.4125000000000002 0.9625 0.4125000000000002 0.990625 0.4859375000000002 0.990625
15 0.5234375000000002 0.9421875 0.45625000000000016 0.9421875 0.45625000000000016 0.9671875 0.5234375000000002 0.9671875