26 0.4625 0.17500000000000004 0.43125 0.17500000000000004 0.43125 0.2609375000000001 0.4625 0.2609375000000001
30 0.490625 0.18437500000000004 0.471875 0.18437500000000004 0.471875 0.2515625000000001 0.490625 0.2515625000000001
9 0.55 0.16250000000000006 0.5234375 0.16250000000000003 0.5234375 0.2218750000000001 0.55 0.2218750000000001
32 0.5875 0.2250000000000001 0.5625 0.2250000000000001 0.5625 0.2828125000000001 0.5875 0.2828125000000001
24 0.628125 0.23437500000000008 0.596875 0.23437500000000008 0.596875 0.32500000000000007 0.628125 0.32500000000000007
5 0.5296875 0.2875000000000001 0.4859375 0.2875000000000001 0.4859375 0.3765625000000001 0.5296875 0.3765625000000001
37 0.3031250000000001 0.4140625 0.2578125000000001 0.4140625 0.2578125000000001 0.490625 0.3031250000000001 0.490625
7 0.3609375000000001 0.4625 0.3218750000000001 0.4625 0.3218750000000001 0.55625 0.3609375000000001 0.55625
34 0.4875 0.3765625000000001 0.446875 0.3765625000000001 0.446875 0.4625 0.4875 0.4625
1 0.1218750000000001 0.665625 0.0671875000000001 0.665625 0.0671875000000001 0.7734375 0.1218750000000001 0.7734375
11 0.0781250000000001 0.7734375 0.0250000000000001 0.7734375 0.025000000000000105 0.88125 0.07812500000000011 0.88125
29 0.03750000000000007 0.515625 0.009375000000000064 0.515625 0.009375000000000067 0.5890625 0.03750000000000007 0.5890625
15 0.05937500000000007 0.4765625 0.03281250000000006 0.4765625 0.032812500000000064 0.54375 0.05937500000000007 0.54375