5 0.6468750000000001 0.690625 0.621875 0.690625 0.6218750000000001 0.753125 0.6468750000000002 0.753125
33 0.6125 0.6609375 0.584375 0.6609375 0.5843750000000001 0.7265625 0.6125000000000002 0.7265625
32 0.5890625 0.721875 0.5671875 0.721875 0.5671875000000001 0.76875 0.5890625000000002 0.76875
0 0.5484375000000001 0.7078125 0.5203125 0.7078125 0.5203125000000001 0.75625 0.5484375000000001 0.75625
30 0.5015625000000001 0.75 0.46875000000000017 0.75 0.46875000000000017 0.796875 0.5015625000000001 0.796875
24 0.4390625000000002 0.7296875 0.41718750000000016 0.7296875 0.41718750000000016 0.7765625 0.4390625000000002 0.7765625
9 0.42968750000000017 0.775 0.4078125000000002 0.775 0.4078125000000002 0.7984375 0.42968750000000017 0.7984375
26 0.39531250000000007 0.7375 0.3750000000000001 0.7375 0.3750000000000001 0.7828125 0.39531250000000007 0.7828125
34 0.4953125 0.5421875 0.4640625 0.5421875 0.4640625 0.6234375 0.4953125 0.6234375
38 0.4390625 0.50625 0.3968750000000001 0.50625 0.3968750000000001 0.58125 0.4390625 0.58125
7 0.3578125000000001 0.4640625 0.3203125000000001 0.4640625 0.3203125000000001 0.540625 0.3578125000000001 0.540625
13 0.3578125000000001 0.5609375 0.3265625000000001 0.5609375 0.3265625000000001 0.6140625 0.3578125000000001 0.6140625
37 0.28593750000000007 0.5125 0.2515625000000001 0.5125 0.2515625000000001 0.584375 0.28593750000000007 0.584375
6 0.3078125000000001 0.6390625 0.2734375000000001 0.6390625 0.2734375000000001 0.7 0.3078125000000001 0.7
8 0.26250000000000007 0.609375 0.2312500000000001 0.609375 0.2312500000000001 0.665625 0.26250000000000007 0.665625
21 0.2000000000000001 0.5703125 0.17187500000000008 0.5703125 0.17187500000000008 0.6265625 0.2000000000000001 0.6265625
16 0.2656250000000001 0.6734375 0.23437500000000008 0.6734375 0.23437500000000008 0.7296875 0.2656250000000001 0.7296875
14 0.1828125000000001 0.6265625 0.1609375000000001 0.6265625 0.1609375000000001 0.665625 0.1828125000000001 0.665625
17 0.21250000000000008 0.6421875 0.1859375000000001 0.6421875 0.1859375000000001 0.6984375 0.21250000000000008 0.6984375
15 0.20625 0.14218750000000002 0.1421875 0.1421875 0.14218750000000002 0.2640625 0.20625 0.2640625
3 0.13125 0.0015625000000000111 0.05 0.0015625000000000062 0.05000000000000001 0.10625 0.13125 0.10625
12 0.08593750000000003 0.159375 0.035937500000000025 0.159375 0.035937500000000025 0.2453125 0.08593750000000003 0.2453125
1 0.14062500000000006 0.234375 0.09218750000000002 0.234375 0.09218750000000003 0.328125 0.14062500000000006 0.328125
10 0.09375000000000006 0.3765625 0.05312500000000005 0.3765625 0.053125000000000054 0.4546875 0.09375000000000007 0.4546875
35 0.03750000000000005 0.321875 0.004687500000000039 0.321875 0.004687500000000044 0.39375 0.03750000000000005 0.39375
29 0.028125000000000056 0.4375 0.0015625000000000534 0.4375 0.001562500000000057 0.49375 0.028125000000000056 0.49375
36 0.08437500000000006 0.4734375 0.046875000000000056 0.4734375 0.04687500000000006 0.5296875 0.08437500000000006 0.5296875