33 0.6171875 0.2765625000000001 0.590625 0.2765625000000001 0.590625 0.3359375000000001 0.6171875 0.3359375000000001
5 0.6421875 0.2578125000000001 0.6203125 0.2578125000000001 0.6203125 0.30937500000000007 0.6421875 0.30937500000000007
0 0.553125 0.2562500000000001 0.5265625 0.2562500000000001 0.5265625 0.3125000000000001 0.553125 0.3125000000000001
32 0.58125 0.22656250000000008 0.5578125 0.22656250000000008 0.5578125 0.2765625000000001 0.58125 0.2765625000000001
24 0.45625 0.22656250000000008 0.4359375 0.22656250000000008 0.4359375 0.2734375000000001 0.45625 0.2734375000000001
30 0.496875 0.20312500000000008 0.4765625 0.20312500000000008 0.4765625 0.2484375000000001 0.496875 0.2484375000000001
9 0.425 0.2062500000000001 0.409375 0.2062500000000001 0.409375 0.2453125000000001 0.425 0.2453125000000001
26 0.3953125 0.2171875000000001 0.375 0.2171875000000001 0.375 0.2593750000000001 0.3953125 0.2593750000000001
6 0.3 0.2984375 0.2734375 0.2984375 0.2734375 0.3515625 0.3 0.3515625
8 0.24843750000000003 0.34375 0.2265625 0.34375 0.22656250000000006 0.3875 0.2484375000000001 0.3875
21 0.21093750000000008 0.3796875 0.18906250000000005 0.3796875 0.18906250000000005 0.43125 0.21093750000000008 0.43125
37 0.2906250000000001 0.4125 0.26250000000000007 0.4125 0.26250000000000007 0.4765625 0.2906250000000001 0.4765625
13 0.34062500000000007 0.375 0.3125000000000001 0.375 0.3125000000000001 0.4359375 0.34062500000000007 0.4359375
7 0.3531250000000001 0.4578125 0.3156250000000001 0.4578125 0.3156250000000001 0.5296875 0.3531250000000001 0.5296875
38 0.459375 0.4328125 0.4265625 0.4328125 0.4265625 0.50625 0.459375 0.50625
34 0.4921875 0.3781250000000001 0.45625 0.3781250000000001 0.45625 0.4484375 0.4921875 0.4484375
14 0.17968750000000006 0.328125 0.15781250000000005 0.328125 0.15781250000000005 0.378125 0.17968750000000006 0.378125
17 0.234375 0.3015625 0.2140625 0.3015625 0.2140625 0.3453125 0.234375 0.3453125
16 0.2515625 0.284375 0.2296875 0.284375 0.2296875 0.3296875 0.2515625 0.3296875
1 0.12343750000000009 0.621875 0.08125000000000007 0.621875 0.08125000000000007 0.7015625 0.12343750000000009 0.7015625
35 0.03593750000000008 0.6171875 0.007812500000000075 0.6171875 0.00781250000000008 0.6859375 0.03593750000000009 0.6859375
10 0.08593750000000007 0.5484375 0.050000000000000065 0.5484375 0.050000000000000065 0.625 0.08593750000000007 0.625
29 0.03750000000000007 0.51875 0.007812500000000064 0.51875 0.007812500000000066 0.575 0.03750000000000007 0.575
36 0.07500000000000007 0.475 0.050000000000000065 0.475 0.050000000000000065 0.5265625 0.07500000000000007 0.5265625
15 0.19531250000000008 0.7546875 0.1312500000000001 0.7546875 0.1312500000000001 0.853125 0.19531250000000008 0.853125
11 0.015625000000000062 0.496875 6.084963783263412e-17 0.496875 6.391125483050251e-17 0.546875 0.015625000000000066 0.546875
28 0.060937500000000054 0.4390625 0.039062500000000056 0.4390625 0.039062500000000056 0.4828125 0.06093750000000007 0.4828125