32 0.771875 0.5593750000000001 0.721875 0.559375 0.721875 0.5875000000000001 0.771875 0.5875000000000001
33 0.7609375 0.5453125000000001 0.709375 0.5453125 0.709375 0.565625 0.7609375 0.5656250000000002
30 0.8015625 0.47968750000000016 0.75625 0.47968750000000016 0.75625 0.4984375000000002 0.8015625 0.4984375000000002
34 0.59375 0.4671875 0.51875 0.4671875 0.51875 0.5015625 0.59375 0.5015625
7 0.5328125 0.3187500000000001 0.4609375 0.3187500000000001 0.4609375 0.3531250000000001 0.5328125 0.3531250000000001
37 0.56875 0.27812500000000007 0.496875 0.27812500000000007 0.496875 0.3062500000000001 0.56875 0.3062500000000001
1 0.3265625 0.09531250000000004 0.2234375 0.09531250000000002 0.2234375 0.13906250000000003 0.3265625 0.13906250000000003
12 0.271875 0.04218750000000003 0.1828125 0.042187500000000024 0.1828125 0.07656250000000002 0.271875 0.07656250000000002
15 0.5125 0.04375000000000006 0.44375 0.04375000000000005 0.44375 0.06875000000000006 0.5125 0.06875000000000006
29 0.4828125 0.017187500000000057 0.4046875 0.01718750000000005 0.4046875 0.04375000000000005 0.4828125 0.04375000000000005
28 0.56875 0.03593750000000007 0.51875 0.03593750000000007 0.51875 0.05468750000000007 0.56875 0.05468750000000007
10 0.559375 0.06875000000000006 0.50625 0.06875000000000006 0.50625 0.09062500000000007 0.559375 0.09062500000000007
11 0.5125 0.02500000000000006 0.475 0.025000000000000057 0.475 0.04218750000000006 0.5125 0.042187500000000065
20 0.6296875 0.08593750000000007 0.55625 0.08593750000000007 0.55625 0.1140625000000001 0.6296875 0.1140625000000001