33 0.4609375 0.23437500000000008 0.4375 0.23437500000000008 0.4375 0.29375000000000007 0.4609375 0.29375000000000007
32 0.4375 0.2250000000000001 0.415625 0.2250000000000001 0.415625 0.27812500000000007 0.4375 0.27812500000000007
5 0.553125 0.16093750000000007 0.534375 0.16093750000000004 0.534375 0.2406250000000001 0.553125 0.2406250000000001
30 0.51875 0.19687500000000005 0.4984375 0.19687500000000005 0.4984375 0.2453125000000001 0.51875 0.2453125000000001
34 0.5375 0.38750000000000007 0.5078125 0.38750000000000007 0.5078125 0.475 0.5375 0.475
37 0.7234375 0.446875 0.69375 0.446875 0.69375 0.49375 0.7234375 0.49375
7 0.68125 0.465625 0.646875 0.465625 0.646875 0.5546875 0.68125 0.5546875
1 0.90625 0.6328125000000002 0.8609375 0.6328125000000002 0.8609375 0.7203125000000001 0.90625 0.7203125000000001
12 0.9640625 0.7421875000000002 0.921875 0.7421875000000002 0.921875 0.8375 0.9640625 0.8375
29 0.975 0.5312500000000002 0.9484375 0.5312500000000002 0.9484375 0.5875000000000001 0.975 0.5875000000000001
15 0.9515625 0.4734375000000002 0.9328125 0.4734375000000002 0.9328125 0.5453125000000002 0.9515625 0.5453125000000002
20 0.9265625 0.4828125000000002 0.9 0.4828125000000002 0.9 0.5515625000000002 0.9265625 0.5515625000000002
28 0.9765625 0.42968750000000017 0.9421875 0.42968750000000017 0.9421875 0.4734375000000002 0.9765625 0.4734375000000002