15 0.2390625000000001 0.790625 0.15781250000000008 0.790625 0.15781250000000008 0.846875 0.2390625000000001 0.846875
3 0.0875000000000001 0.8828125 1.0811335023722728e-16 0.8828125 1.1098361617272889e-16 0.9296875 0.0875000000000001 0.9296875
12 0.2390625000000001 0.9296875 0.15781250000000013 0.9296875 0.15781250000000013 0.971875 0.2390625000000001 0.971875
1 0.3140625000000001 0.8546875 0.23593750000000008 0.8546875 0.23593750000000008 0.8921875 0.3140625000000001 0.8921875
35 0.3890625000000001 0.9625 0.3296875000000001 0.9625 0.3296875000000001 0.99375 0.3890625000000001 0.99375
29 0.4703125000000002 0.965625 0.4187500000000002 0.965625 0.4187500000000002 0.99375 0.4703125000000002 0.99375
36 0.5203125000000002 0.925 0.4671875000000002 0.925 0.4671875000000002 0.946875 0.5203125000000002 0.946875
14 0.6750000000000002 0.821875 0.6156250000000002 0.821875 0.6156250000000002 0.8390625 0.6750000000000002 0.8390625
21 0.6312500000000002 0.7953125 0.5687500000000002 0.7953125 0.5687500000000002 0.8234375 0.6312500000000002 0.8234375
17 0.6984375000000002 0.78125 0.6531250000000002 0.78125 0.6531250000000002 0.809375 0.6984375000000002 0.809375
8 0.6656250000000001 0.75 0.6125000000000002 0.75 0.6125000000000002 0.76875 0.6656250000000001 0.76875
6 0.7015625000000001 0.7015625 0.63125 0.7015625 0.6312500000000001 0.728125 0.7015625000000002 0.728125
37 0.5765625000000001 0.71875 0.5203125 0.71875 0.5203125000000001 0.7390625 0.5765625000000002 0.7390625
13 0.596875 0.6453125 0.553125 0.6453125 0.553125 0.6765625 0.596875 0.6765625
7 0.484375 0.6140625 0.3984375000000001 0.6140625 0.3984375000000001 0.65625 0.484375 0.65625
38 0.584375 0.5625 0.4984375 0.5625 0.4984375 0.6 0.584375 0.6
34 0.6078125 0.50625 0.5359375 0.50625 0.5359375 0.53125 0.6078125 0.53125
33 0.7125 0.3890625000000001 0.6515625 0.3890625000000001 0.6515625 0.4125 0.7125 0.4125
5 0.7484375 0.3546875000000001 0.6890625 0.3546875000000001 0.6890625 0.37968750000000007 0.7484375 0.37968750000000007
0 0.746875 0.4468750000000001 0.690625 0.446875 0.690625 0.4671875000000001 0.746875 0.4671875000000002
32 0.7796875 0.4156250000000001 0.715625 0.415625 0.715625 0.43437500000000007 0.7796875 0.4343750000000002
24 0.775 0.5406250000000001 0.721875 0.540625 0.721875 0.5609375000000001 0.775 0.5609375000000002
30 0.7921875 0.5015625000000001 0.7421875 0.5015625000000001 0.7421875 0.5234375000000002 0.7921875 0.5234375000000002
26 0.784375 0.6046875000000002 0.734375 0.6046875000000002 0.734375 0.6265625000000001 0.784375 0.6265625000000001
9 0.8046875 0.5687500000000002 0.7484375 0.5687500000000002 0.7484375 0.5890625000000002 0.8046875 0.5890625000000002