33 0.3531250000000001 0.6140625 0.2921875000000001 0.6140625 0.2921875000000001 0.6421875 0.3531250000000001 0.6421875
5 0.3203125000000001 0.6359375 0.26250000000000007 0.6359375 0.26250000000000007 0.6609375 0.3203125000000001 0.6609375
32 0.2828125000000001 0.5609375 0.2250000000000001 0.5609375 0.2250000000000001 0.5890625 0.2828125000000001 0.5890625
0 0.2921875000000001 0.5375 0.2406250000000001 0.5375 0.2406250000000001 0.5625 0.2921875000000001 0.5625
30 0.2468750000000001 0.453125 0.20312500000000008 0.453125 0.20312500000000008 0.4703125 0.2468750000000001 0.4703125
24 0.2640625000000001 0.3953125 0.2296875000000001 0.3953125 0.2296875000000001 0.4203125 0.2640625000000001 0.4203125
9 0.2468750000000001 0.4140625 0.2000000000000001 0.4140625 0.2000000000000001 0.4328125 0.2468750000000001 0.4328125
26 0.26093750000000004 0.359375 0.2078125 0.359375 0.20781250000000004 0.3796875 0.2609375000000001 0.3796875
34 0.46875 0.4609375 0.3765625000000001 0.4609375 0.3765625000000001 0.5046875 0.46875 0.5046875
13 0.46875 0.3140625000000001 0.39375 0.3140625000000001 0.39375 0.3468750000000001 0.46875 0.3468750000000001
37 0.49375 0.2453125000000001 0.41875 0.2453125000000001 0.41875 0.2828125000000001 0.49375 0.2828125000000001
15 0.9078125 0.14531250000000012 0.7796875 0.1453125000000001 0.7796875 0.20468750000000008 0.9078125 0.20468750000000008
1 0.76875 0.08906250000000009 0.68125 0.08906250000000009 0.68125 0.1375000000000001 0.76875 0.1375000000000001
35 0.6875 0.00781250000000008 0.609375 0.007812500000000075 0.609375 0.05156250000000008 0.6875 0.05156250000000009
10 0.59375 0.056250000000000064 0.53125 0.056250000000000064 0.53125 0.08437500000000006 0.59375 0.08437500000000006
29 0.56875 6.563341439180347e-17 0.503125 6.161504208210122e-17 0.503125 0.032812500000000064 0.56875 0.032812500000000064
28 0.5015625 0.04687500000000006 0.434375 0.046875000000000056 0.434375 0.06718750000000005 0.5015625 0.06718750000000007
12 0.8609375 0.0203125000000001 0.7671875 0.020312500000000094 0.7671875 0.0765625000000001 0.8609375 0.07656250000000012