12 0.0687500000000001 0.79375 0.0375000000000001 0.79375 0.0375000000000001 0.8625 0.06875000000000012 0.8625
1 0.14218750000000008 0.7078125 0.10156250000000008 0.7078125 0.10156250000000008 0.775 0.14218750000000008 0.775
29 0.03125000000000007 0.5359375 0.010937500000000067 0.5359375 0.010937500000000069 0.59375 0.031250000000000076 0.59375
15 0.06093750000000007 0.4984375 0.031250000000000056 0.4984375 0.03125000000000006 0.55625 0.06093750000000007 0.55625
11 0.02968750000000006 0.4625 0.009375000000000055 0.4625 0.00937500000000006 0.51875 0.029687500000000068 0.51875
28 0.06406250000000005 0.421875 0.03281250000000006 0.421875 0.03281250000000006 0.4796875 0.06406250000000006 0.4796875
10 0.14375000000000004 0.390625 0.10468750000000004 0.390625 0.10468750000000004 0.453125 0.14375000000000004 0.453125
37 0.2968750000000001 0.434375 0.2656250000000001 0.434375 0.2656250000000001 0.49375 0.2968750000000001 0.49375
7 0.34843750000000007 0.46875 0.3125000000000001 0.46875 0.3125000000000001 0.53125 0.34843750000000007 0.53125
34 0.4953125 0.3937500000000001 0.4640625 0.3937500000000001 0.4640625 0.4703125 0.4953125 0.4703125
33 0.5734375 0.2656250000000001 0.559375 0.2656250000000001 0.559375 0.3062500000000001 0.5734375 0.3062500000000001
32 0.5875 0.24218750000000008 0.5734375 0.24218750000000008 0.5734375 0.2750000000000001 0.5875 0.2750000000000001
24 0.56875 0.2093750000000001 0.55 0.2093750000000001 0.55 0.2500000000000001 0.56875 0.2500000000000001
30 0.478125 0.21250000000000008 0.45625 0.21250000000000008 0.45625 0.2453125000000001 0.478125 0.2453125000000001
26 0.396875 0.21875000000000008 0.375 0.21875000000000008 0.375 0.2562500000000001 0.396875 0.2562500000000001