30 0.5265625 0.19375000000000003 0.5015625 0.19375000000000003 0.5015625 0.2562500000000001 0.5265625 0.2562500000000001
33 0.459375 0.2406250000000001 0.4296875 0.2406250000000001 0.4296875 0.2968750000000001 0.459375 0.2968750000000001
32 0.43125 0.2234375000000001 0.415625 0.2234375000000001 0.415625 0.2828125000000001 0.43125 0.2828125000000001
7 0.6875 0.4609375 0.6375 0.4609375 0.6375 0.5453125 0.6875 0.5453125
37 0.7359375 0.4156250000000001 0.6984375 0.415625 0.6984375 0.4953125000000001 0.7359375 0.49531250000000016
34 0.5765625 0.37968750000000007 0.5421875 0.37968750000000007 0.5421875 0.4671875 0.5765625 0.4671875
1 0.903125 0.6515625000000002 0.85 0.6515625000000002 0.85 0.7875000000000002 0.903125 0.7875000000000002
12 0.971875 0.7687500000000002 0.915625 0.7687500000000002 0.915625 0.871875 0.971875 0.871875
29 0.9890625 0.5203125000000002 0.9640625 0.5203125000000002 0.9640625 0.5984375000000002 0.9890625 0.5984375000000002
15 0.9703125 0.48437500000000017 0.9390625 0.48437500000000017 0.9390625 0.5500000000000002 0.9703125 0.5500000000000002
20 0.9375 0.3546875000000001 0.9 0.3546875000000001 0.9 0.4265625000000002 0.9375 0.4265625000000002
28 0.975 0.42968750000000017 0.94375 0.42968750000000017 0.94375 0.4828125000000002 0.975 0.4828125000000002
10 0.8796875 0.3984375000000001 0.859375 0.3984375000000001 0.859375 0.4671875000000002 0.8796875 0.4671875000000002