33 0.6140625 0.2812500000000001 0.5875 0.2812500000000001 0.5875 0.3390625000000001 0.6140625 0.3390625000000001
5 0.64375 0.2531250000000001 0.61875 0.2531250000000001 0.61875 0.30937500000000007 0.64375 0.30937500000000007
0 0.5578125 0.2515625000000001 0.53125 0.2515625000000001 0.53125 0.3062500000000001 0.5578125 0.3062500000000001
32 0.58125 0.2312500000000001 0.55625 0.2312500000000001 0.55625 0.2843750000000001 0.58125 0.2843750000000001
30 0.4953125 0.20312500000000008 0.475 0.20312500000000008 0.475 0.2531250000000001 0.4953125 0.2531250000000001
26 0.3828125 0.21250000000000005 0.359375 0.2125 0.359375 0.25468750000000007 0.3828125 0.25468750000000007
9 0.4140625 0.19843750000000004 0.396875 0.19843750000000004 0.396875 0.2328125000000001 0.4140625 0.2328125000000001
34 0.4921875 0.37968750000000007 0.459375 0.37968750000000007 0.459375 0.453125 0.4921875 0.453125
38 0.4390625 0.4265625 0.4 0.4265625 0.4 0.50625 0.4390625 0.50625
7 0.3890625000000001 0.4734375 0.3531250000000001 0.4734375 0.3531250000000001 0.553125 0.3890625000000001 0.553125
13 0.3500000000000001 0.3828125 0.32500000000000007 0.3828125 0.32500000000000007 0.4515625 0.3500000000000001 0.4515625
37 0.2812500000000001 0.40625 0.2500000000000001 0.40625 0.2500000000000001 0.475 0.2812500000000001 0.475
6 0.3 0.2984375 0.2734375 0.2984375 0.2734375 0.346875 0.3 0.346875
21 0.20625000000000004 0.3625 0.18593750000000003 0.3625 0.18593750000000003 0.421875 0.2062500000000001 0.421875
8 0.25468750000000007 0.3359375 0.2265625 0.3359375 0.22656250000000006 0.384375 0.25468750000000007 0.384375
16 0.2640625 0.265625 0.24375 0.265625 0.24375 0.3140625 0.2640625 0.3140625
14 0.17812500000000003 0.325 0.15312500000000004 0.325 0.15312500000000004 0.38125 0.17812500000000003 0.38125
17 0.2078125 0.309375 0.18437500000000004 0.309375 0.18437500000000004 0.359375 0.2078125 0.359375
1 0.13437500000000008 0.6703125 0.0906250000000001 0.6703125 0.0906250000000001 0.7609375 0.13437500000000008 0.7609375
12 0.0718750000000001 0.7796875 0.0343750000000001 0.7796875 0.03437500000000011 0.8703125 0.0718750000000001 0.8703125
15 0.21093750000000008 0.8140625 0.1515625000000001 0.8140625 0.1515625000000001 0.940625 0.21093750000000008 0.940625
35 0.04062500000000007 0.5890625 0.007812500000000073 0.5890625 0.007812500000000076 0.665625 0.04062500000000008 0.665625
10 0.10468750000000007 0.53125 0.07343750000000007 0.53125 0.07343750000000007 0.60625 0.10468750000000009 0.60625
29 0.04062500000000007 0.525 0.014062500000000066 0.525 0.01406250000000007 0.590625 0.04062500000000008 0.590625
36 0.07500000000000007 0.4671875 0.046875000000000056 0.4671875 0.04687500000000006 0.528125 0.07500000000000007 0.528125
11 0.014062500000000066 0.5125 6.276314845630185e-17 0.5125 6.639881864127056e-17 0.571875 0.014062500000000071 0.571875
3 0.12031250000000013 0.921875 0.06093750000000011 0.921875 0.060937500000000124 1 0.12031250000000013 1