33 0.6140625 0.27812500000000007 0.590625 0.27812500000000007 0.590625 0.34062500000000007 0.6140625 0.34062500000000007
5 0.6453125 0.2500000000000001 0.621875 0.2500000000000001 0.621875 0.3062500000000001 0.6453125 0.3062500000000001
0 0.55625 0.2484375000000001 0.534375 0.2484375000000001 0.534375 0.3031250000000001 0.55625 0.3031250000000001
32 0.5828125 0.23593750000000008 0.5609375 0.23593750000000008 0.5609375 0.2828125000000001 0.5828125 0.2828125000000001
30 0.496875 0.2078125000000001 0.475 0.2078125000000001 0.475 0.25468750000000007 0.496875 0.25468750000000007
24 0.4609375 0.22812500000000008 0.4375 0.22812500000000008 0.4375 0.2734375000000001 0.4609375 0.2734375000000001
26 0.396875 0.2156250000000001 0.3796875 0.2156250000000001 0.3796875 0.2593750000000001 0.396875 0.2593750000000001
9 0.4359375 0.19531250000000006 0.4140625 0.19531250000000006 0.4140625 0.2375000000000001 0.4359375 0.2375000000000001
14 0.18593750000000003 0.334375 0.16406250000000006 0.334375 0.16406250000000006 0.3796875 0.18593750000000003 0.3796875
17 0.2140625 0.3015625 0.19218750000000004 0.3015625 0.19218750000000004 0.35 0.2140625 0.35
8 0.25312500000000004 0.3296875 0.2296875 0.3296875 0.22968750000000004 0.378125 0.2531250000000001 0.378125
16 0.2609375 0.2890625 0.2390625 0.2890625 0.2390625 0.334375 0.2609375 0.334375
6 0.2984375 0.3 0.271875 0.3 0.271875 0.353125 0.2984375 0.353125
21 0.20468750000000008 0.3765625 0.17968750000000006 0.3765625 0.17968750000000006 0.421875 0.20468750000000008 0.421875
37 0.28593750000000007 0.40625 0.25468750000000007 0.40625 0.25468750000000007 0.4734375 0.28593750000000007 0.4734375
13 0.3578125000000001 0.38125 0.3234375000000001 0.38125 0.3234375000000001 0.440625 0.3578125000000001 0.440625
38 0.4390625 0.425 0.4 0.425 0.4 0.5015625 0.4390625 0.5015625
34 0.4953125 0.37187500000000007 0.4625 0.37187500000000007 0.4625 0.45 0.4953125 0.45
7 0.3546875000000001 0.45625 0.3156250000000001 0.45625 0.3156250000000001 0.5328125 0.3546875000000001 0.5328125
3 0.11562500000000012 0.8953125 0.05625000000000011 0.8953125 0.05625000000000011 0.996875 0.11562500000000013 0.996875
15 0.19687500000000008 0.7359375 0.1359375000000001 0.7359375 0.1359375000000001 0.8515625 0.19687500000000008 0.8515625
1 0.1390625000000001 0.665625 0.09218750000000009 0.665625 0.09218750000000009 0.7609375 0.1390625000000001 0.7609375
12 0.0718750000000001 0.7578125 0.03125000000000009 0.7578125 0.0312500000000001 0.8328125 0.0718750000000001 0.8328125
35 0.03593750000000008 0.603125 0.0046875000000000736 0.603125 0.004687500000000078 0.6734375 0.03593750000000008 0.6734375
36 0.07500000000000007 0.4671875 0.046875000000000056 0.4671875 0.04687500000000006 0.525 0.07500000000000007 0.525
29 0.020312500000000063 0.515625 6.31458505810354e-17 0.515625 6.620746757890379e-17 0.565625 0.020312500000000067 0.565625