33 0.5640625 0.23437500000000008 0.540625 0.23437500000000008 0.540625 0.29375000000000007 0.5640625 0.29375000000000007
32 0.5859375 0.2250000000000001 0.5640625 0.2250000000000001 0.5640625 0.27812500000000007 0.5859375 0.27812500000000007
5 0.465625 0.16093750000000004 0.4484375 0.16093750000000004 0.4484375 0.2406250000000001 0.465625 0.2406250000000001
30 0.503125 0.19687500000000005 0.4828125 0.19687500000000005 0.4828125 0.2453125000000001 0.503125 0.2453125000000001
34 0.4921875 0.38750000000000007 0.4625 0.38750000000000007 0.4625 0.475 0.4921875 0.475
37 0.3078125000000001 0.446875 0.27812500000000007 0.446875 0.27812500000000007 0.49375 0.3078125000000001 0.49375
7 0.3531250000000001 0.465625 0.3187500000000001 0.465625 0.3187500000000001 0.5546875 0.3531250000000001 0.5546875
1 0.1390625000000001 0.6328125 0.09375000000000007 0.6328125 0.09375000000000008 0.7203125 0.1390625000000001 0.7203125
12 0.0796875000000001 0.7421875 0.03750000000000009 0.7421875 0.037500000000000096 0.8375 0.0796875000000001 0.8375
29 0.05156250000000007 0.53125 0.025000000000000067 0.53125 0.025000000000000067 0.5859375 0.05156250000000007 0.5859375
15 0.06718750000000007 0.4734375 0.050000000000000065 0.4734375 0.050000000000000065 0.54375 0.06718750000000007 0.54375
20 0.10000000000000006 0.48125 0.07343750000000007 0.48125 0.07343750000000007 0.5515625 0.10000000000000009 0.5515625
28 0.05781250000000006 0.428125 0.02343750000000005 0.428125 0.023437500000000052 0.4734375 0.057812500000000065 0.4734375