33 0.2828125000000001 0.5328125 0.2296875000000001 0.5328125 0.2296875000000001 0.5609375 0.2828125000000001 0.5609375
32 0.27812500000000007 0.5625 0.2312500000000001 0.5625 0.2312500000000001 0.5875 0.27812500000000007 0.5875
30 0.2468750000000001 0.4765625 0.2015625000000001 0.4765625 0.2015625000000001 0.4984375 0.2468750000000001 0.4984375
7 0.5375 0.31718750000000007 0.465625 0.31718750000000007 0.465625 0.3515625000000001 0.5375 0.3515625000000001
37 0.49375 0.2671875000000001 0.425 0.2671875000000001 0.425 0.2984375000000001 0.49375 0.2984375000000001
10 0.4640625 0.11562500000000005 0.4171875 0.11562500000000005 0.4171875 0.14531250000000004 0.4640625 0.14531250000000004
20 0.403125 0.12031250000000004 0.35 0.12031250000000004 0.35 0.14218750000000005 0.403125 0.14218750000000005
29 0.5859375 0.014062500000000066 0.5171875 0.014062500000000061 0.5171875 0.03906250000000007 0.5859375 0.03906250000000007
15 0.5484375 0.03593750000000006 0.4828125 0.03593750000000005 0.4828125 0.06093750000000007 0.5484375 0.06093750000000007
28 0.484375 0.028125000000000056 0.434375 0.028125000000000056 0.434375 0.05000000000000006 0.484375 0.050000000000000065
1 0.7703125 0.0984375000000001 0.6703125 0.0984375000000001 0.6703125 0.1437500000000001 0.7703125 0.1437500000000001
12 0.8171875 9.433607374681956e-17 0.7234375 8.859554187581634e-17 0.7234375 0.023437500000000094 0.8171875 0.0234375000000001