33 0.34062500000000007 0.3859375 0.27812500000000007 0.3859375 0.27812500000000007 0.4109375 0.34062500000000007 0.4109375
5 0.30625 0.35625 0.25 0.35625 0.25000000000000006 0.378125 0.3062500000000001 0.378125
0 0.3031250000000001 0.44375 0.2484375000000001 0.44375 0.2484375000000001 0.465625 0.3031250000000001 0.465625
32 0.2828125000000001 0.4171875 0.23593750000000008 0.4171875 0.23593750000000008 0.4390625 0.2828125000000001 0.4390625
30 0.25468750000000007 0.5046875 0.2078125000000001 0.5046875 0.2078125000000001 0.5265625 0.25468750000000007 0.5265625
24 0.2750000000000001 0.540625 0.22812500000000008 0.540625 0.22812500000000008 0.5640625 0.2750000000000001 0.5640625
26 0.2593750000000001 0.603125 0.2156250000000001 0.603125 0.2156250000000001 0.6203125 0.2593750000000001 0.6203125
9 0.2375000000000001 0.565625 0.19687500000000008 0.565625 0.19687500000000008 0.5875 0.2375000000000001 0.5875
14 0.37968750000000007 0.815625 0.3343750000000001 0.815625 0.3343750000000001 0.8375 0.37968750000000007 0.8375
17 0.3500000000000001 0.7859375 0.3031250000000001 0.7859375 0.3031250000000001 0.8078125 0.3500000000000001 0.8078125
8 0.3781250000000001 0.7484375 0.3296875000000001 0.7484375 0.3296875000000001 0.771875 0.3781250000000001 0.771875
16 0.3343750000000001 0.7390625 0.2890625000000001 0.7390625 0.2890625000000001 0.7609375 0.3343750000000001 0.7609375
6 0.3531250000000001 0.7015625 0.3000000000000001 0.7015625 0.3000000000000001 0.7296875 0.3531250000000001 0.7296875
21 0.42187500000000017 0.7953125 0.3781250000000001 0.7953125 0.3781250000000001 0.8203125 0.42187500000000017 0.8203125
37 0.47343750000000007 0.7140625 0.4078125 0.7140625 0.4078125000000001 0.7453125 0.4734375000000002 0.7453125
13 0.440625 0.64375 0.3812500000000001 0.64375 0.3812500000000001 0.678125 0.440625 0.678125
38 0.5015625 0.5609375 0.4265625 0.5609375 0.4265625 0.6 0.5015625 0.6
34 0.45 0.50625 0.37187500000000007 0.50625 0.37187500000000007 0.5390625 0.45 0.5390625
7 0.5328125 0.646875 0.45625 0.646875 0.45625 0.6859375 0.5328125 0.6859375
3 0.996875 0.884375 0.896875 0.884375 0.896875 0.9453125 0.996875 0.9453125
15 0.8515625 0.803125 0.7359375000000001 0.803125 0.7359375000000001 0.8640625 0.8515625 0.8640625
1 0.7609375000000002 0.8609375 0.6671875000000002 0.8609375 0.6671875000000002 0.9078125 0.7609375000000002 0.9078125
12 0.8328125 0.928125 0.7578125000000002 0.928125 0.7578125000000002 0.9703125 0.8328125 0.9703125
35 0.6734375000000001 0.9640625 0.6046875000000002 0.9640625 0.6046875000000002 0.9953125 0.6734375000000001 0.9953125
36 0.5250000000000001 0.925 0.4671875000000002 0.925 0.4671875000000002 0.953125 0.5250000000000001 0.953125
29 0.5656250000000002 0.9796875 0.5156250000000002 0.9796875 0.5156250000000002 1 0.5656250000000002 1