33 0.3265625000000001 0.58125 0.2640625000000001 0.58125 0.2640625000000001 0.615625 0.3265625000000001 0.615625
0 0.30156250000000007 0.528125 0.2296875000000001 0.528125 0.2296875000000001 0.55 0.30156250000000007 0.55
32 0.27031250000000007 0.565625 0.2296875000000001 0.565625 0.2296875000000001 0.5859375 0.27031250000000007 0.5859375
5 0.2921875000000001 0.63125 0.2390625000000001 0.63125 0.2390625000000001 0.653125 0.2921875000000001 0.653125
26 0.27656250000000004 0.3625 0.2140625 0.3625 0.21406250000000004 0.39375 0.2765625000000001 0.39375
9 0.2328125000000001 0.39375 0.19843750000000004 0.39375 0.19843750000000004 0.4125 0.2328125000000001 0.4125
30 0.2453125000000001 0.465625 0.2062500000000001 0.465625 0.2062500000000001 0.48125 0.2453125000000001 0.48125
34 0.46875 0.4625 0.3937500000000001 0.4625 0.3937500000000001 0.4953125 0.46875 0.4953125
7 0.54375 0.30937500000000007 0.475 0.30937500000000007 0.475 0.3531250000000001 0.54375 0.3531250000000001
12 0.8640625 0.0453125000000001 0.7734375 0.0453125000000001 0.7734375 0.0890625000000001 0.8640625 0.08906250000000011
1 0.7875 0.10156250000000008 0.690625 0.10156250000000008 0.690625 0.1453125000000001 0.7875 0.1453125000000001
10 0.6171875 0.06250000000000007 0.5359375 0.06250000000000007 0.5359375 0.09375000000000007 0.6171875 0.09375000000000007
29 0.578125 6.582476545417024e-17 0.496875 6.084963783263412e-17 0.496875 0.021875000000000068 0.578125 0.02187500000000007
28 0.4765625 0.03281250000000006 0.4234375 0.03281250000000006 0.4234375 0.060937500000000054 0.4765625 0.06093750000000007
15 0.4046875 0.06562500000000004 0.3453125 0.06562500000000004 0.3453125 0.08750000000000005 0.4046875 0.08750000000000005