12 0.99375 0.13593750000000013 0.9203125 0.13593750000000013 0.9203125 0.23593750000000008 0.99375 0.23593750000000008
1 0.903125 0.2234375000000001 0.853125 0.2234375000000001 0.853125 0.3109375000000001 0.903125 0.3109375000000001
29 0.9984375 0.4046875000000002 0.9703125 0.4046875000000002 0.9703125 0.4734375000000002 0.9984375 0.4734375000000002
15 0.9640625 0.44843750000000016 0.9359375 0.44843750000000016 0.9359375 0.5031250000000002 0.9640625 0.5031250000000002
20 0.925 0.5906250000000002 0.890625 0.5906250000000002 0.890625 0.6687500000000002 0.925 0.6687500000000002
28 0.9640625 0.5343750000000002 0.9359375 0.5343750000000002 0.9359375 0.5796875000000001 0.9640625 0.5796875000000001
37 0.734375 0.5046875000000001 0.690625 0.5046875 0.690625 0.5640625000000001 0.734375 0.5640625000000001
7 0.68125 0.4640625 0.65 0.4640625 0.65 0.5296875 0.68125 0.5296875
34 0.5359375 0.5140625 0.4984375 0.5140625 0.4984375 0.5765625 0.5359375 0.5765625
30 0.5984375000000002 0.7796875 0.5765625000000002 0.7796875 0.5765625000000002 0.8296875 0.5984375000000002 0.8296875
9 0.6203125000000002 0.796875 0.6031250000000001 0.796875 0.6031250000000001 0.846875 0.6203125000000002 0.846875
26 0.6859375000000002 0.778125 0.6703125000000002 0.778125 0.6703125000000002 0.828125 0.6859375000000002 0.828125
24 0.4421875000000002 0.728125 0.4281250000000002 0.728125 0.4281250000000002 0.7609375 0.4421875000000002 0.7609375
32 0.4234375000000001 0.721875 0.4140625 0.721875 0.4140625000000001 0.765625 0.4234375000000002 0.765625