12 0.0812500000000001 0.7640625 0.007812500000000094 0.7640625 0.0078125000000001 0.8640625 0.08125000000000011 0.8640625
1 0.14843750000000008 0.690625 0.09687500000000009 0.690625 0.09687500000000009 0.778125 0.14843750000000008 0.778125
29 0.02968750000000007 0.5265625 0.0015625000000000645 0.5265625 0.0015625000000000686 0.5953125 0.02968750000000008 0.5953125
15 0.06406250000000006 0.4984375 0.03593750000000005 0.4984375 0.03593750000000006 0.553125 0.06406250000000006 0.553125
20 0.11093750000000005 0.33125 0.07500000000000004 0.33125 0.07500000000000004 0.4109375 0.11093750000000005 0.4109375
28 0.06406250000000005 0.421875 0.03593750000000005 0.421875 0.03593750000000005 0.4671875 0.06406250000000006 0.4671875
37 0.30937500000000007 0.4375 0.2656250000000001 0.4375 0.2656250000000001 0.496875 0.30937500000000007 0.496875
7 0.3515625000000001 0.4703125 0.3203125000000001 0.4703125 0.3203125000000001 0.5375 0.3515625000000001 0.5375
34 0.503125 0.4234375 0.465625 0.4234375 0.465625 0.4859375 0.503125 0.4859375
30 0.4234375 0.17031250000000003 0.4015625 0.17031250000000003 0.4015625 0.22031250000000008 0.4234375 0.22031250000000008
9 0.3984375 0.15312500000000004 0.38125 0.15312500000000004 0.38125 0.20312500000000008 0.3984375 0.20312500000000008
26 0.33125 0.17187500000000006 0.3140625 0.17187500000000006 0.3140625 0.221875 0.33125 0.221875
24 0.5734375 0.2390625000000001 0.559375 0.2390625000000001 0.559375 0.2718750000000001 0.5734375 0.2718750000000001
32 0.5875 0.23593750000000008 0.5765625 0.23593750000000008 0.5765625 0.2796875000000001 0.5875 0.2796875000000001