33 0.7109375 0.3625000000000001 0.6546875 0.3625000000000001 0.6546875 0.3906250000000001 0.7109375 0.3906250000000001
5 0.740625 0.3265625000000001 0.68125 0.3265625000000001 0.68125 0.3515625000000001 0.740625 0.3515625000000001
0 0.7546875 0.4359375000000001 0.7015625 0.4359375 0.7015625 0.4562500000000001 0.7546875 0.45625000000000016
32 0.7703125 0.4093750000000001 0.725 0.409375 0.725 0.4328125000000001 0.7703125 0.43281250000000016
37 0.5906250000000001 0.7125 0.5234375 0.7125 0.5234375000000001 0.75 0.5906250000000002 0.75
13 0.61875 0.66875 0.5515625 0.66875 0.5515625 0.7 0.61875 0.7
35 0.696875 0.6203125 0.621875 0.6203125 0.621875 0.6421875 0.696875 0.6421875
26 0.79375 0.6156250000000002 0.74375 0.6156250000000002 0.74375 0.6406250000000002 0.79375 0.6406250000000002
9 0.7953125 0.5718750000000001 0.7640625 0.5718750000000001 0.7640625 0.5843750000000002 0.7953125 0.5843750000000002
30 0.8078125 0.5265625000000002 0.753125 0.5265625000000002 0.753125 0.5515625000000002 0.8078125 0.5515625000000002
34 0.5953125 0.5 0.5421875 0.5 0.5421875 0.5359375 0.5953125 0.5359375
15 0.22031250000000008 0.8171875 0.08906250000000011 0.8171875 0.08906250000000011 0.8671875 0.22031250000000008 0.8671875
12 0.2250000000000001 0.928125 0.13437500000000013 0.928125 0.13437500000000013 0.9671875 0.2250000000000001 0.9671875
1 0.2875000000000001 0.8625 0.2234375000000001 0.8625 0.2234375000000001 0.9 0.2875000000000001 0.9
29 0.4968750000000002 0.95 0.4078125000000002 0.95 0.4078125000000002 0.9875 0.4968750000000002 0.9875
10 0.49531250000000016 0.890625 0.39531250000000007 0.890625 0.39531250000000007 0.925 0.49531250000000016 0.925
11 0.5140625000000002 0.9875 0.4515625000000002 0.9875 0.4515625000000002 1 0.5140625000000002 1
28 0.5875000000000001 0.9390625 0.5062500000000002 0.9390625 0.5062500000000002 0.9671875 0.5875000000000001 0.9671875
16 0.6640625000000002 0.88125 0.6140625000000002 0.88125 0.6140625000000002 0.91875 0.6640625000000002 0.91875