15 0.2390625 0.153125 0.1578125 0.153125 0.15781250000000002 0.209375 0.2390625 0.209375
3 0.08750000000000001 0.0703125 8.610797806504827e-18 0.0703125 1.1481063742006436e-17 0.1171875 0.08750000000000002 0.1171875
12 0.2390625 0.029687500000000026 0.1578125 0.029687500000000023 0.1578125 0.07031250000000003 0.2390625 0.07031250000000003
1 0.3140625 0.10937500000000004 0.2359375 0.10937500000000004 0.2359375 0.14687500000000003 0.3140625 0.14687500000000003
35 0.3890625 0.007812500000000045 0.3296875 0.007812500000000042 0.3296875 0.03906250000000004 0.3890625 0.03906250000000004
29 0.4703125 0.006250000000000054 0.41875 0.00625000000000005 0.41875 0.03437500000000006 0.4703125 0.03437500000000006
36 0.5203125 0.05312500000000007 0.4671875 0.05312500000000007 0.4671875 0.07500000000000007 0.5203125 0.07500000000000007
14 0.675 0.1609375000000001 0.615625 0.1609375000000001 0.615625 0.1781250000000001 0.675 0.1781250000000001
21 0.63125 0.1781250000000001 0.56875 0.1781250000000001 0.56875 0.2062500000000001 0.63125 0.2062500000000001
17 0.6984375 0.1921875000000001 0.653125 0.1921875000000001 0.653125 0.22031250000000008 0.6984375 0.22031250000000008
8 0.665625 0.2312500000000001 0.6125 0.2312500000000001 0.6125 0.2500000000000001 0.665625 0.2500000000000001
6 0.7015625 0.2734375000000001 0.63125 0.2734375000000001 0.63125 0.3000000000000001 0.7015625 0.3000000000000001
37 0.5765625 0.26250000000000007 0.5203125 0.26250000000000007 0.5203125 0.2828125000000001 0.5765625 0.2828125000000001
13 0.596875 0.3234375000000001 0.553125 0.3234375000000001 0.553125 0.3546875000000001 0.596875 0.3546875000000001
7 0.484375 0.3437500000000001 0.3984375 0.3437500000000001 0.39843750000000006 0.3859375000000001 0.484375 0.3859375000000001
38 0.584375 0.4 0.4984375 0.4 0.4984375 0.4375 0.584375 0.4375
34 0.6078125 0.46875 0.5359375 0.46875 0.5359375 0.49375 0.6078125 0.49375
33 0.7125 0.5875 0.6515625 0.5875 0.6515625 0.6109375 0.7125 0.6109375
5 0.7484375 0.6203125 0.6890625 0.6203125 0.6890625 0.6453125000000001 0.7484375 0.6453125000000002
0 0.746875 0.5328125000000001 0.690625 0.5328125 0.690625 0.5531250000000001 0.746875 0.5531250000000002
32 0.7796875 0.565625 0.715625 0.565625 0.715625 0.5843750000000001 0.7796875 0.5843750000000002
24 0.775 0.4390625000000001 0.721875 0.4390625 0.721875 0.4593750000000001 0.775 0.4593750000000002
30 0.7921875 0.47656250000000017 0.7421875 0.47656250000000017 0.7421875 0.4984375000000002 0.7921875 0.4984375000000002
26 0.784375 0.3734375000000001 0.734375 0.3734375000000001 0.734375 0.39531250000000007 0.784375 0.39531250000000007
9 0.8046875 0.4109375000000002 0.7484375 0.4109375000000002 0.7484375 0.4312500000000002 0.8046875 0.4312500000000002