32 0.7796875 0.40312500000000007 0.7234375 0.403125 0.7234375 0.4328125000000001 0.7796875 0.43281250000000016
33 0.7546875 0.4312500000000001 0.6984375 0.43125 0.6984375 0.4609375000000001 0.7546875 0.46093750000000017
30 0.8046875 0.49218750000000017 0.7484375 0.49218750000000017 0.7484375 0.5203125000000002 0.8046875 0.5203125000000002
7 0.55 0.640625 0.459375 0.640625 0.459375 0.6859375 0.55 0.6859375
37 0.58125 0.7015625 0.509375 0.7015625 0.5093750000000001 0.7359375 0.5812500000000002 0.7359375
1 0.3078125000000001 0.86875 0.2078125000000001 0.86875 0.2078125000000001 0.946875 0.3078125000000001 0.946875
12 0.2484375000000001 0.93125 0.14687500000000014 0.93125 0.14687500000000014 0.975 0.2484375000000001 0.975
10 0.5953125000000001 0.84375 0.5421875000000002 0.84375 0.5421875000000002 0.8859375 0.5953125000000001 0.8859375
20 0.6515625000000002 0.853125 0.6031250000000001 0.853125 0.6031250000000001 0.8875 0.6515625000000002 0.8875
28 0.5781250000000002 0.9484375 0.5203125000000002 0.9484375 0.5203125000000002 0.9796875 0.5781250000000002 0.9796875
29 0.48750000000000016 0.9625 0.41406250000000017 0.9625 0.41406250000000017 0.9921875 0.48750000000000016 0.9921875
15 0.5125000000000002 0.9375 0.45312500000000017 0.9375 0.45312500000000017 0.96875 0.5125000000000002 0.96875