32 0.440625 0.22812500000000008 0.4125 0.22812500000000008 0.4125 0.27812500000000007 0.440625 0.27812500000000007
33 0.4546875 0.2390625000000001 0.434375 0.2390625000000001 0.434375 0.2906250000000001 0.4546875 0.2906250000000001
30 0.5203125 0.19843750000000004 0.5015625 0.19843750000000004 0.5015625 0.24375000000000008 0.5203125 0.24375000000000008
34 0.534375 0.40625 0.5 0.40625 0.5 0.48125 0.534375 0.48125
7 0.6828125 0.46875 0.6484375 0.46875 0.6484375 0.540625 0.6828125 0.540625
37 0.7234375 0.4328125 0.6953125 0.4328125 0.6953125 0.5046875 0.7234375 0.5046875
1 0.9046875 0.6750000000000002 0.8609375 0.6750000000000002 0.8609375 0.7781250000000002 0.9046875 0.7781250000000002
12 0.9578125 0.7296875000000002 0.9234375 0.7296875000000002 0.9234375 0.81875 0.9578125 0.81875
15 0.95625 0.48750000000000016 0.93125 0.48750000000000016 0.93125 0.5562500000000001 0.95625 0.5562500000000001
29 0.984375 0.5187500000000002 0.9578125 0.5187500000000002 0.9578125 0.5968750000000002 0.984375 0.5968750000000002
28 0.9640625 0.4312500000000002 0.9453125 0.4312500000000002 0.9453125 0.4812500000000002 0.9640625 0.4812500000000002
10 0.9328125 0.44062500000000016 0.9109375 0.44062500000000016 0.9109375 0.4937500000000002 0.9328125 0.4937500000000002
11 0.9765625 0.4890625000000002 0.959375 0.4890625000000002 0.959375 0.5265625000000002 0.9765625 0.5265625000000002
20 0.915625 0.37187500000000007 0.8875 0.37187500000000007 0.8875 0.44531250000000017 0.915625 0.44531250000000017