24 0.5671875 0.19531250000000006 0.5421875 0.19531250000000006 0.5421875 0.2453125000000001 0.5671875 0.2453125000000001
33 0.5734375 0.25468750000000007 0.553125 0.25468750000000007 0.553125 0.3125000000000001 0.5734375 0.3125000000000001
32 0.5875 0.2312500000000001 0.575 0.2312500000000001 0.575 0.2812500000000001 0.5875 0.2812500000000001
30 0.4984375 0.19218750000000004 0.48125 0.19218750000000004 0.48125 0.2531250000000001 0.4984375 0.2531250000000001
26 0.409375 0.22031250000000008 0.390625 0.22031250000000008 0.390625 0.2609375000000001 0.409375 0.2609375000000001
34 0.484375 0.3937500000000001 0.4546875 0.3937500000000001 0.4546875 0.4546875 0.484375 0.4546875
7 0.35625000000000007 0.4671875 0.3203125000000001 0.4671875 0.3203125000000001 0.534375 0.35625000000000007 0.534375
37 0.2953125000000001 0.4390625 0.2656250000000001 0.4390625 0.2656250000000001 0.5 0.2953125000000001 0.5
1 0.14062500000000008 0.703125 0.09531250000000009 0.703125 0.09531250000000009 0.76875 0.14062500000000008 0.76875
12 0.0671875000000001 0.796875 0.0375000000000001 0.796875 0.0375000000000001 0.8703125 0.06718750000000011 0.8703125
29 0.03125000000000007 0.5359375 0.010937500000000067 0.5359375 0.010937500000000069 0.5984375 0.031250000000000076 0.5984375
15 0.06093750000000007 0.5140625 0.032812500000000064 0.5140625 0.032812500000000064 0.5703125 0.06093750000000007 0.5703125
28 0.05781250000000006 0.4265625 0.029687500000000054 0.4265625 0.029687500000000054 0.4828125 0.057812500000000065 0.4828125
11 0.009375000000000064 0.4953125 6.065828677026735e-17 0.4953125 6.419828142405267e-17 0.553125 0.009375000000000067 0.553125
10 0.15468750000000003 0.384375 0.12343750000000005 0.384375 0.12343750000000005 0.4578125 0.15468750000000003 0.4578125