24 0.2453125000000001 0.434375 0.19531250000000006 0.434375 0.19531250000000006 0.459375 0.2453125000000001 0.459375
33 0.3140625000000001 0.428125 0.25468750000000007 0.428125 0.25468750000000007 0.446875 0.3140625000000001 0.446875
32 0.2812500000000001 0.4125 0.2312500000000001 0.4125 0.2312500000000001 0.425 0.2812500000000001 0.425
30 0.2531250000000001 0.5015625 0.19218750000000004 0.5015625 0.19218750000000004 0.5203125 0.2531250000000001 0.5203125
26 0.2609375000000001 0.590625 0.22031250000000008 0.590625 0.22031250000000008 0.609375 0.2609375000000001 0.609375
34 0.4546875 0.515625 0.3937500000000001 0.515625 0.3937500000000001 0.546875 0.4546875 0.546875
7 0.534375 0.64375 0.4671875 0.64375 0.4671875 0.68125 0.534375 0.68125
37 0.5000000000000001 0.70625 0.440625 0.70625 0.4406250000000001 0.7359375 0.5000000000000002 0.7359375
1 0.7687500000000002 0.8609375 0.7031250000000002 0.8609375 0.7031250000000002 0.90625 0.7687500000000002 0.90625
12 0.8703125 0.934375 0.7968750000000002 0.934375 0.7968750000000002 0.9640625 0.8703125 0.9640625
29 0.5984375000000002 0.9703125 0.5359375000000002 0.9703125 0.5359375000000002 0.990625 0.5984375000000002 0.990625
15 0.5703125000000002 0.940625 0.5140625000000002 0.940625 0.5140625000000002 0.96875 0.5703125000000002 0.96875
28 0.4828125000000002 0.9421875 0.4265625000000002 0.9421875 0.4265625000000002 0.9703125 0.4828125000000002 0.9703125
11 0.5531250000000002 0.990625 0.49531250000000016 0.990625 0.49531250000000016 1 0.5531250000000002 1
10 0.4593750000000002 0.846875 0.3843750000000001 0.846875 0.3843750000000001 0.878125 0.4593750000000002 0.878125