5 0.6515625 0.2453125000000001 0.6296875 0.2453125000000001 0.6296875 0.31718750000000007 0.6515625 0.31718750000000007
33 0.6140625 0.27812500000000007 0.5890625 0.27812500000000007 0.5890625 0.34843750000000007 0.6140625 0.34843750000000007
32 0.5859375 0.22031250000000008 0.5640625 0.22031250000000008 0.5640625 0.27812500000000007 0.5859375 0.27812500000000007
0 0.5578125 0.2375000000000001 0.528125 0.2375000000000001 0.528125 0.3000000000000001 0.5578125 0.3000000000000001
30 0.4984375 0.2000000000000001 0.46875 0.2000000000000001 0.46875 0.2531250000000001 0.4984375 0.2531250000000001
24 0.4609375 0.21875000000000008 0.434375 0.21875000000000008 0.434375 0.2734375000000001 0.4609375 0.2734375000000001
26 0.4109375 0.22812500000000008 0.3796875 0.22812500000000008 0.3796875 0.2843750000000001 0.4109375 0.2843750000000001
34 0.471875 0.3671875000000001 0.434375 0.3671875000000001 0.434375 0.440625 0.471875 0.440625
38 0.4109375 0.39531250000000007 0.3703125000000001 0.39531250000000007 0.3703125000000001 0.48125 0.4109375 0.48125
7 0.37187500000000007 0.4703125 0.3296875000000001 0.4703125 0.3296875000000001 0.5515625 0.37187500000000007 0.5515625
13 0.3531250000000001 0.3859375 0.3203125000000001 0.3859375 0.3203125000000001 0.4625 0.3531250000000001 0.4625
37 0.3046875000000001 0.4421875 0.2671875000000001 0.4421875 0.2671875000000001 0.5234375 0.3046875000000001 0.5234375
6 0.3078125 0.29375 0.271875 0.29375 0.271875 0.3515625 0.3078125 0.3515625
8 0.25312500000000004 0.33125 0.2296875 0.33125 0.22968750000000004 0.390625 0.2531250000000001 0.390625
17 0.21875 0.2984375 0.18906250000000005 0.2984375 0.18906250000000005 0.3609375 0.21875 0.3609375
14 0.18750000000000006 0.3234375 0.15000000000000005 0.3234375 0.15000000000000005 0.3828125 0.18750000000000006 0.3828125
16 0.2640625 0.2859375 0.24375 0.2859375 0.24375 0.3375 0.2640625 0.3375
15 0.1718750000000001 0.78125 0.11250000000000009 0.78125 0.11250000000000011 0.9203125 0.17187500000000014 0.9203125
12 0.0718750000000001 0.7578125 0.023437500000000094 0.7578125 0.0234375000000001 0.846875 0.0718750000000001 0.846875
1 0.14218750000000008 0.6859375 0.09375000000000008 0.6859375 0.09375000000000008 0.7765625 0.14218750000000008 0.7765625
10 0.10156250000000008 0.5578125 0.05937500000000007 0.5578125 0.05937500000000008 0.6453125 0.10156250000000008 0.6453125
35 0.05000000000000008 0.6015625 0.018750000000000072 0.6015625 0.01875000000000008 0.6828125 0.050000000000000086 0.6828125
36 0.07812500000000007 0.465625 0.04843750000000006 0.465625 0.048437500000000064 0.5359375 0.07812500000000007 0.5359375
11 0.017187500000000064 0.4875 0.0015625000000000597 0.4875 0.0015625000000000638 0.55625 0.017187500000000067 0.55625