30 0.8078125 0.4734375000000002 0.7453125 0.4734375000000002 0.7453125 0.4984375000000002 0.8078125 0.4984375000000002
33 0.7609375 0.5406250000000001 0.7046875 0.540625 0.7046875 0.5703125000000001 0.7609375 0.5703125000000002
32 0.778125 0.5687500000000001 0.71875 0.56875 0.71875 0.5843750000000001 0.778125 0.5843750000000002
7 0.540625 0.3125000000000001 0.45625 0.3125000000000001 0.45625 0.3625000000000001 0.540625 0.3625000000000001
37 0.5859375 0.2640625000000001 0.50625 0.2640625000000001 0.50625 0.30156250000000007 0.5859375 0.30156250000000007
34 0.6203125 0.425 0.5328125 0.425 0.5328125 0.459375 0.6203125 0.459375
1 0.3484375 0.09843750000000004 0.2140625 0.09843750000000002 0.2140625 0.15156250000000004 0.3484375 0.15156250000000004
12 0.2328125 0.029687500000000023 0.1296875 0.029687500000000012 0.1296875 0.08593750000000003 0.2328125 0.08593750000000003
29 0.48125 0.012500000000000056 0.403125 0.01250000000000005 0.403125 0.03750000000000005 0.48125 0.037500000000000054
15 0.5171875 0.03125000000000006 0.4515625 0.031250000000000056 0.4515625 0.06250000000000006 0.5171875 0.06250000000000007
20 0.6453125 0.06406250000000008 0.5734375 0.06406250000000006 0.5734375 0.10156250000000008 0.6453125 0.10156250000000008
28 0.571875 0.026562500000000065 0.51875 0.026562500000000065 0.51875 0.057812500000000065 0.571875 0.057812500000000065
10 0.603125 0.12031250000000007 0.534375 0.12031250000000004 0.534375 0.14062500000000006 0.603125 0.14062500000000008