5 0.74375 0.3546875000000001 0.6984375 0.3546875000000001 0.6984375 0.3781250000000001 0.74375 0.3781250000000001
33 0.7109375 0.38750000000000007 0.6609375 0.38750000000000007 0.6609375 0.4109375 0.7109375 0.4109375
32 0.765625 0.4171875000000001 0.725 0.4171875 0.725 0.4359375000000001 0.765625 0.4359375000000002
0 0.74375 0.4484375000000001 0.69375 0.4484375 0.69375 0.4687500000000001 0.74375 0.46875000000000017
30 0.7921875 0.4968750000000002 0.7453125 0.4968750000000002 0.7453125 0.5218750000000002 0.7921875 0.5218750000000002
24 0.765625 0.5421875 0.709375 0.5421875 0.709375 0.5671875000000001 0.765625 0.5671875000000002
9 0.8046875 0.5796875000000001 0.7640625 0.5796875000000001 0.7640625 0.5968750000000002 0.8046875 0.5968750000000002
26 0.7875 0.6062500000000002 0.740625 0.6062500000000002 0.740625 0.6312500000000002 0.7875 0.6312500000000002
34 0.615625 0.5109375 0.553125 0.5109375 0.553125 0.54375 0.615625 0.54375
38 0.5671875 0.5640625 0.490625 0.5640625 0.490625 0.5984375 0.5671875 0.5984375
7 0.5359375 0.646875 0.4734375 0.646875 0.4734375 0.68125 0.5359375 0.68125
37 0.58125 0.709375 0.521875 0.709375 0.5218750000000001 0.7375 0.5812500000000002 0.7375
13 0.6078125 0.6484375 0.559375 0.6484375 0.559375 0.6671875 0.6078125 0.6671875
6 0.6921875 0.68125 0.6453125 0.68125 0.6453125 0.70625 0.6921875 0.70625
8 0.6578125000000001 0.7515625 0.6156250000000002 0.7515625 0.6156250000000002 0.7765625 0.6578125000000001 0.7765625
21 0.6046875000000002 0.7890625 0.5625000000000002 0.7890625 0.5625000000000002 0.8109375 0.6046875000000002 0.8109375
16 0.7000000000000002 0.75 0.6656250000000001 0.75 0.6656250000000001 0.771875 0.7000000000000002 0.771875
17 0.7000000000000002 0.78125 0.6500000000000001 0.78125 0.6500000000000001 0.803125 0.7000000000000002 0.803125
14 0.6703125000000002 0.825 0.6171875000000002 0.825 0.6171875000000002 0.8453125 0.6703125000000002 0.8453125
1 0.3703125000000001 0.878125 0.2984375000000001 0.878125 0.2984375000000001 0.9203125 0.3703125000000001 0.9203125
12 0.2093750000000001 0.925 0.14375000000000013 0.925 0.14375000000000013 0.959375 0.2093750000000001 0.959375
15 0.10000000000000009 0.784375 0.015625000000000094 0.784375 0.0156250000000001 0.8390625 0.10000000000000009 0.8390625
35 0.3625000000000001 0.959375 0.3218750000000001 0.959375 0.3218750000000001 0.9875 0.3625000000000001 0.9875
10 0.4156250000000002 0.8984375 0.3765625000000001 0.8984375 0.3765625000000001 0.928125 0.4156250000000002 0.928125
29 0.4781250000000002 0.96875 0.4312500000000002 0.96875 0.4312500000000002 0.9984375 0.4781250000000002 0.9984375
36 0.5187500000000002 0.925 0.46875000000000017 0.925 0.46875000000000017 0.946875 0.5187500000000002 0.946875
28 0.5562500000000001 0.9484375 0.5125000000000002 0.9484375 0.5125000000000002 0.9625 0.5562500000000001 0.9625