32 0.596875 0.22031250000000008 0.5671875 0.22031250000000008 0.5671875 0.2765625000000001 0.596875 0.2765625000000001
33 0.5703125 0.2453125000000001 0.540625 0.2453125000000001 0.540625 0.30156250000000007 0.5703125 0.30156250000000007
30 0.5078125 0.19531250000000006 0.48125 0.19531250000000006 0.48125 0.2531250000000001 0.5078125 0.2531250000000001
7 0.3593750000000001 0.45 0.3140625000000001 0.45 0.3140625000000001 0.5421875 0.3593750000000001 0.5421875
37 0.3000000000000001 0.41875 0.2640625000000001 0.41875 0.2640625000000001 0.490625 0.3000000000000001 0.490625
1 0.1312500000000001 0.6921875 0.05468750000000009 0.6921875 0.05468750000000009 0.7921875 0.1312500000000001 0.7921875
12 0.0687500000000001 0.7515625 0.025000000000000088 0.7515625 0.025000000000000095 0.853125 0.06875000000000012 0.853125
10 0.15781250000000005 0.40625 0.11562500000000005 0.40625 0.11562500000000005 0.459375 0.15781250000000005 0.459375
20 0.14687500000000003 0.3484375 0.11250000000000004 0.3484375 0.11250000000000004 0.396875 0.14687500000000003 0.396875
28 0.05156250000000005 0.421875 0.02031250000000005 0.421875 0.020312500000000056 0.4796875 0.05156250000000007 0.4796875
29 0.03906250000000007 0.5140625 0.009375000000000064 0.5140625 0.009375000000000067 0.5875 0.03906250000000007 0.5875
15 0.06250000000000007 0.4875 0.03281250000000006 0.4875 0.032812500000000064 0.546875 0.06250000000000007 0.546875