5 0.5453125000000002 0.7703125 0.5218750000000002 0.7703125 0.5218750000000002 0.81875 0.5453125000000002 0.81875
33 0.5687500000000001 0.703125 0.5453125 0.703125 0.5453125000000001 0.75625 0.5687500000000002 0.75625
32 0.5859375000000001 0.7234375 0.5609375 0.7234375 0.5609375000000001 0.76875 0.5859375000000002 0.76875
7 0.3515625000000001 0.4609375 0.31718750000000007 0.4609375 0.31718750000000007 0.5390625 0.3515625000000001 0.5390625
37 0.3109375000000001 0.5 0.27812500000000007 0.5 0.27812500000000007 0.5640625 0.3109375000000001 0.5640625
1 0.14375000000000004 0.2546875 0.10156250000000004 0.2546875 0.10156250000000004 0.3484375 0.14375000000000004 0.3484375
12 0.07187500000000002 0.184375 0.025000000000000022 0.184375 0.02500000000000003 0.25 0.07187500000000002 0.25
29 0.037500000000000054 0.41875 0.00937500000000005 0.41875 0.009375000000000053 0.48125 0.037500000000000054 0.48125
15 0.06250000000000007 0.4546875 0.03281250000000006 0.4546875 0.032812500000000064 0.5203125 0.06250000000000007 0.5203125
28 0.05156250000000007 0.525 0.025000000000000067 0.525 0.025000000000000067 0.5734375 0.05156250000000007 0.5734375
34 0.4671875 0.55 0.4453125 0.55 0.4453125 0.615625 0.4671875 0.615625