5 0.30781250000000004 0.3625 0.2484375 0.3625 0.24843750000000003 0.3890625 0.3078125000000001 0.3890625
33 0.3531250000000001 0.3890625 0.2718750000000001 0.3890625 0.2718750000000001 0.4109375 0.3531250000000001 0.4109375
32 0.2890625000000001 0.415625 0.2328125000000001 0.415625 0.2328125000000001 0.440625 0.2890625000000001 0.440625
0 0.30156250000000007 0.4421875 0.24218750000000008 0.4421875 0.24218750000000008 0.4703125 0.30156250000000007 0.4703125
30 0.26250000000000007 0.5015625 0.20312500000000008 0.5015625 0.20312500000000008 0.5265625 0.26250000000000007 0.5265625
24 0.27812500000000007 0.5390625 0.2218750000000001 0.5390625 0.2218750000000001 0.565625 0.27812500000000007 0.565625
9 0.2390625000000001 0.578125 0.1984375000000001 0.578125 0.1984375000000001 0.6 0.2390625000000001 0.6
26 0.2562500000000001 0.6015625 0.2062500000000001 0.6015625 0.2062500000000001 0.6328125 0.2562500000000001 0.6328125
34 0.4640625 0.503125 0.37968750000000007 0.503125 0.37968750000000007 0.540625 0.4640625 0.540625
38 0.5046875 0.55625 0.4171875 0.55625 0.4171875 0.596875 0.5046875 0.596875
7 0.5703125 0.6109375 0.48125 0.6109375 0.48125 0.6546875 0.5703125 0.6546875
13 0.4359375 0.646875 0.37968750000000007 0.646875 0.37968750000000007 0.678125 0.4359375 0.678125
37 0.4953125000000001 0.7078125 0.415625 0.7078125 0.4156250000000001 0.7515625 0.49531250000000016 0.7515625
6 0.3578125000000001 0.7 0.2953125000000001 0.7 0.2953125000000001 0.73125 0.3578125000000001 0.73125
8 0.38750000000000007 0.7421875 0.3312500000000001 0.7421875 0.3312500000000001 0.7765625 0.38750000000000007 0.7765625
21 0.42968750000000017 0.790625 0.36406250000000007 0.790625 0.36406250000000007 0.815625 0.42968750000000017 0.815625
14 0.3750000000000001 0.8234375 0.3218750000000001 0.8234375 0.3218750000000001 0.8515625 0.3750000000000001 0.8515625
17 0.3531250000000001 0.7828125 0.3000000000000001 0.7828125 0.3000000000000001 0.809375 0.3531250000000001 0.809375
16 0.3203125000000001 0.7359375 0.2687500000000001 0.7359375 0.2687500000000001 0.7578125 0.3203125000000001 0.7578125
15 0.871875 0.7984375000000001 0.7375000000000002 0.7984375000000001 0.7375000000000002 0.86875 0.871875 0.86875
12 0.85 0.9234375 0.7546875000000002 0.9234375 0.7546875000000002 0.9765625 0.85 0.9765625
1 0.7578125000000002 0.853125 0.6734375000000001 0.853125 0.6734375000000001 0.896875 0.7578125000000002 0.896875
10 0.6312500000000002 0.8984375 0.5531250000000002 0.8984375 0.5531250000000002 0.9328125 0.6312500000000002 0.9328125
10 0.6953125000000002 0.965625 0.6046875000000002 0.965625 0.6046875000000002 1 0.6953125000000002 1
36 0.5265625000000002 0.921875 0.4671875000000002 0.921875 0.4671875000000002 0.953125 0.5265625000000002 0.953125
29 0.5765625000000002 0.975 0.5046875000000002 0.975 0.5046875000000002 1 0.5765625000000002 1