33 0.615625 0.6625 0.5875 0.6625 0.5875 0.7203125 0.615625 0.7203125
5 0.64375 0.690625 0.61875 0.690625 0.6187500000000001 0.746875 0.6437500000000002 0.746875
0 0.5578125 0.6953125 0.53125 0.6953125 0.5312500000000001 0.75 0.5578125000000002 0.75
32 0.58125 0.7171875 0.55625 0.7171875 0.5562500000000001 0.7703125 0.5812500000000002 0.7703125
30 0.4968750000000002 0.746875 0.4750000000000002 0.746875 0.4750000000000002 0.796875 0.4968750000000002 0.796875
26 0.3828125000000001 0.746875 0.3593750000000001 0.746875 0.3593750000000001 0.7875 0.3828125000000001 0.7875
9 0.41406250000000017 0.7671875 0.3968750000000001 0.7671875 0.3968750000000001 0.8015625 0.41406250000000017 0.8015625
34 0.49375 0.546875 0.459375 0.546875 0.459375 0.621875 0.49375 0.621875
38 0.440625 0.4953125 0.4 0.4953125 0.4 0.575 0.440625 0.575
7 0.3890625000000001 0.446875 0.3546875000000001 0.446875 0.3546875000000001 0.5265625 0.3890625000000001 0.5265625
13 0.3500000000000001 0.55 0.32500000000000007 0.55 0.32500000000000007 0.61875 0.3500000000000001 0.61875
37 0.2812500000000001 0.5265625 0.2500000000000001 0.5265625 0.2500000000000001 0.5953125 0.2812500000000001 0.5953125
6 0.3000000000000001 0.653125 0.2734375000000001 0.653125 0.2734375000000001 0.7015625 0.3000000000000001 0.7015625
21 0.2078125000000001 0.578125 0.1859375000000001 0.578125 0.1859375000000001 0.6375 0.2078125000000001 0.6375
8 0.25468750000000007 0.615625 0.22656250000000008 0.615625 0.22656250000000008 0.6640625 0.25468750000000007 0.6640625
16 0.2640625000000001 0.6875 0.24375000000000008 0.6875 0.24375000000000008 0.7359375 0.2640625000000001 0.7359375
14 0.1781250000000001 0.6203125 0.1531250000000001 0.6203125 0.1531250000000001 0.6765625 0.1781250000000001 0.6765625
17 0.2078125000000001 0.640625 0.1843750000000001 0.640625 0.1843750000000001 0.690625 0.2078125000000001 0.690625
1 0.13437500000000005 0.240625 0.09062500000000002 0.240625 0.09062500000000004 0.33125 0.13437500000000005 0.33125
12 0.07187500000000002 0.1296875 0.03437500000000001 0.1296875 0.03437500000000002 0.2203125 0.07187500000000002 0.2203125
15 0.2109375 0.059375000000000025 0.1515625 0.059375000000000025 0.15156250000000002 0.18593750000000003 0.2109375 0.18593750000000003
35 0.04062500000000005 0.334375 0.007812500000000042 0.334375 0.007812500000000045 0.4109375 0.04062500000000006 0.4109375
10 0.10625000000000004 0.39375 0.07343750000000004 0.39375 0.07343750000000006 0.46875 0.10625000000000004 0.46875
29 0.04062500000000006 0.409375 0.01406250000000005 0.409375 0.014062500000000052 0.475 0.04062500000000006 0.475
36 0.07500000000000007 0.4734375 0.046875000000000056 0.4734375 0.04687500000000006 0.5328125 0.07500000000000007 0.5328125
11 0.014062500000000056 0.428125 5.2430191088496056e-17 0.428125 5.606586127346476e-17 0.4875 0.014062500000000061 0.4875
3 0.1203125 1.1098361617272887e-17 0.0609375 7.462691432304185e-18 0.0609375 0.07812500000000001 0.1203125 0.07812500000000003