33 0.7921875 0.2640625000000001 0.7328125 0.2640625000000001 0.7328125 0.2953125000000001 0.7921875 0.2953125000000001
32 0.7765625 0.4234375000000001 0.7234375 0.4234375 0.7234375 0.4484375000000001 0.7765625 0.44843750000000016
26 0.7921875 0.6015625000000002 0.7453125 0.6015625000000002 0.7453125 0.6234375000000002 0.7921875 0.6234375000000002
0 0.834375 0.5578125000000002 0.784375 0.5578125000000002 0.784375 0.5828125000000002 0.834375 0.5828125000000002
30 0.8 0.5250000000000001 0.753125 0.5250000000000001 0.753125 0.5437500000000002 0.8 0.5437500000000002
5 0.8265625 0.6156250000000002 0.7796875 0.6156250000000002 0.7796875 0.6312500000000002 0.8265625 0.6312500000000002
24 0.6875000000000002 0.875 0.6296875000000002 0.875 0.6296875000000002 0.9 0.6875000000000002 0.9
15 0.7046875000000001 0.9078125 0.6578125000000001 0.9078125 0.6578125000000001 0.93125 0.7046875000000001 0.93125
28 0.5750000000000002 0.946875 0.5234375000000002 0.946875 0.5234375000000002 0.971875 0.5750000000000002 0.971875
10 0.4625000000000002 0.903125 0.3843750000000001 0.903125 0.3843750000000001 0.9359375 0.4625000000000002 0.9359375
29 0.4968750000000002 0.9671875 0.42968750000000017 0.9671875 0.42968750000000017 0.99375 0.4968750000000002 0.99375
12 0.2796875000000001 0.9046875 0.18906250000000008 0.9046875 0.1890625000000001 0.9453125 0.2796875000000001 0.9453125
1 0.31718750000000007 0.8625 0.2218750000000001 0.8625 0.2218750000000001 0.909375 0.31718750000000007 0.909375
7 0.53125 0.625 0.4515625 0.625 0.4515625 0.659375 0.53125 0.659375
37 0.5421875 0.6640625 0.4859375 0.6640625 0.4859375 0.6984375 0.5421875 0.6984375
34 0.6078125 0.50625 0.5328125 0.50625 0.5328125 0.546875 0.6078125 0.546875