32 0.59375 0.2328125000000001 0.5609375 0.2328125000000001 0.5609375 0.2656250000000001 0.59375 0.2656250000000001
26 0.3984375 0.2140625000000001 0.384375 0.2140625000000001 0.384375 0.27031250000000007 0.3984375 0.27031250000000007
9 0.4390625 0.2062500000000001 0.4328125 0.2062500000000001 0.4328125 0.2406250000000001 0.4390625 0.2406250000000001
30 0.4765625 0.19687500000000005 0.453125 0.19687500000000005 0.453125 0.2500000000000001 0.4765625 0.2500000000000001
24 0.34375 0.19062500000000004 0.325 0.19062500000000004 0.325 0.2546875 0.34375 0.2546875
33 0.359375 0.19218750000000004 0.3453125 0.19218750000000004 0.3453125 0.24375 0.359375 0.24375
37 0.2968750000000001 0.4265625 0.2687500000000001 0.4265625 0.2687500000000001 0.49375 0.2968750000000001 0.49375
7 0.3500000000000001 0.4765625 0.3203125000000001 0.4765625 0.3203125000000001 0.5390625 0.3500000000000001 0.5390625
34 0.453125 0.37187500000000007 0.428125 0.37187500000000007 0.428125 0.4359375 0.453125 0.4359375
1 0.1390625000000001 0.6953125 0.10000000000000009 0.6953125 0.10000000000000009 0.7765625 0.1390625000000001 0.7765625
12 0.0656250000000001 0.784375 0.0312500000000001 0.784375 0.031250000000000104 0.8765625 0.06562500000000011 0.8765625
10 0.10312500000000006 0.528125 0.06875000000000006 0.528125 0.06875000000000006 0.596875 0.10312500000000009 0.596875
29 0.035937500000000074 0.521875 0.012500000000000067 0.521875 0.01250000000000007 0.5921875 0.03593750000000008 0.5921875
15 0.056250000000000064 0.503125 0.034375000000000065 0.503125 0.034375000000000065 0.5671875 0.056250000000000064 0.5671875
28 0.05625000000000006 0.43125 0.03437500000000006 0.43125 0.03437500000000006 0.484375 0.056250000000000064 0.484375