33 0.39375 0.27343750000000006 0.3625 0.2734375 0.3625 0.33906250000000004 0.39375 0.3390625000000001
5 0.3625 0.2640625 0.3390625 0.2640625 0.3390625 0.325 0.3625 0.325
0 0.465625 0.2406250000000001 0.4421875 0.2406250000000001 0.4421875 0.2906250000000001 0.465625 0.2906250000000001
32 0.4421875 0.22812500000000008 0.421875 0.22812500000000008 0.421875 0.2796875000000001 0.4421875 0.2796875000000001
24 0.5640625 0.22812500000000008 0.5421875 0.22812500000000008 0.5421875 0.2750000000000001 0.5640625 0.2750000000000001
30 0.5453125 0.20312500000000008 0.528125 0.20312500000000008 0.528125 0.2468750000000001 0.5453125 0.2468750000000001
9 0.5890625 0.2000000000000001 0.5734375 0.2000000000000001 0.5734375 0.2375000000000001 0.5890625 0.2375000000000001
6 0.6671875 0.2609375000000001 0.640625 0.2609375000000001 0.640625 0.31718750000000007 0.6671875 0.31718750000000007
26 0.6359375 0.21875000000000008 0.6140625 0.21875000000000008 0.6140625 0.2593750000000001 0.6359375 0.2593750000000001
34 0.565625 0.3671875000000001 0.5359375 0.3671875000000001 0.5359375 0.4328125 0.565625 0.4328125
7 0.659375 0.4765625 0.628125 0.4765625 0.628125 0.5515625 0.659375 0.5515625
37 0.740625 0.3968750000000001 0.70625 0.3968750000000001 0.70625 0.4625000000000001 0.740625 0.4625000000000002
13 0.6765625 0.3765625000000001 0.653125 0.3765625000000001 0.653125 0.44375 0.6765625 0.44375
21 0.840625 0.4359375000000002 0.8046875 0.4359375000000002 0.8046875 0.5328125000000001 0.840625 0.5328125000000001
14 0.85 0.3531250000000001 0.8125 0.3531250000000001 0.8125 0.43750000000000017 0.85 0.43750000000000017
1 0.9078125 0.6765625000000002 0.8625 0.6765625000000002 0.8625 0.7671875000000001 0.9078125 0.7671875000000001
35 0.978125 0.6234375000000002 0.9515625 0.6234375000000002 0.9515625 0.6937500000000002 0.978125 0.6937500000000002
10 0.934375 0.5546875000000002 0.903125 0.5546875000000002 0.903125 0.6390625000000002 0.934375 0.6390625000000002
36 0.95625 0.46406250000000016 0.9296875 0.46406250000000016 0.9296875 0.5265625000000002 0.95625 0.5265625000000002
29 0.9984375 0.5140625000000002 0.9765625 0.5140625000000002 0.9765625 0.5640625000000001 0.9984375 0.5640625000000001
12 0.9703125 0.7781250000000002 0.9296875 0.7781250000000002 0.9296875 0.8609375 0.9703125 0.8609375
15 0.840625 0.7265625000000002 0.7812500000000002 0.7265625000000002 0.7812500000000002 0.8390625 0.840625 0.8390625
8 0.815625 0.30937500000000007 0.7859375 0.30937500000000007 0.7859375 0.3625000000000001 0.815625 0.3625000000000001
16 0.753125 0.2828125000000001 0.7328125 0.2828125000000001 0.7328125 0.3296875000000001 0.753125 0.3296875000000001