33 0.61875 0.2765625000000001 0.5890625 0.2765625000000001 0.5890625 0.3437500000000001 0.61875 0.3437500000000001
5 0.646875 0.2484375000000001 0.621875 0.2484375000000001 0.621875 0.3109375000000001 0.646875 0.3109375000000001
0 0.55625 0.2453125000000001 0.521875 0.2453125000000001 0.521875 0.3062500000000001 0.55625 0.3062500000000001
32 0.584375 0.22656250000000008 0.5546875 0.22656250000000008 0.5546875 0.2843750000000001 0.584375 0.2843750000000001
24 0.459375 0.2156250000000001 0.434375 0.2156250000000001 0.434375 0.2765625000000001 0.459375 0.2765625000000001
30 0.4953125 0.19843750000000004 0.4734375 0.19843750000000004 0.4734375 0.2578125000000001 0.4953125 0.2578125000000001
34 0.4921875 0.3750000000000001 0.4609375 0.3750000000000001 0.4609375 0.4484375 0.4921875 0.4484375
38 0.4359375 0.425 0.3812500000000001 0.425 0.3812500000000001 0.5125 0.4359375 0.5125
7 0.3593750000000001 0.453125 0.3140625000000001 0.453125 0.3140625000000001 0.540625 0.3593750000000001 0.540625
37 0.29375000000000007 0.40625 0.26250000000000007 0.40625 0.26250000000000007 0.4890625 0.29375000000000007 0.4890625
13 0.3546875000000001 0.375 0.3156250000000001 0.375 0.3156250000000001 0.4421875 0.3546875000000001 0.4421875
6 0.31875000000000003 0.2921875 0.28125 0.2921875 0.28125000000000006 0.36875 0.3187500000000001 0.36875
21 0.21250000000000008 0.3765625 0.19062500000000004 0.3765625 0.19062500000000004 0.440625 0.21250000000000008 0.440625
8 0.25625000000000003 0.34375 0.2265625 0.34375 0.22656250000000006 0.3921875 0.2562500000000001 0.3921875
14 0.18125000000000005 0.328125 0.14843750000000006 0.328125 0.14843750000000006 0.38125 0.18125000000000005 0.38125
17 0.228125 0.303125 0.19843750000000004 0.303125 0.19843750000000004 0.35625 0.228125 0.35625
16 0.2453125 0.2859375 0.2203125 0.2859375 0.2203125 0.3375 0.2453125 0.3375
1 0.12656250000000008 0.625 0.07968750000000006 0.625 0.07968750000000008 0.7140625 0.12656250000000008 0.7140625
35 0.042187500000000086 0.603125 0.0031250000000000735 0.603125 0.003125000000000079 0.6875 0.042187500000000086 0.6875
10 0.10468750000000009 0.5578125 0.05312500000000007 0.5578125 0.05312500000000007 0.6203125 0.10468750000000009 0.6203125
29 0.034375000000000065 0.509375 0.006250000000000061 0.509375 0.006250000000000066 0.5796875 0.034375000000000065 0.5796875
36 0.07656250000000006 0.4703125 0.04375000000000005 0.4703125 0.04375000000000006 0.5265625 0.07656250000000006 0.5265625
15 0.20312500000000008 0.8671875 0.1375000000000001 0.8671875 0.13750000000000012 0.9953125 0.20312500000000008 0.9953125