0 0.1875000000000001 0.903125 0.10468750000000009 0.903125 0.10468750000000011 1 0.18750000000000014 1
12 0.0812500000000001 0.7921875 0.023437500000000094 0.7921875 0.0234375000000001 0.88125 0.08125000000000011 0.88125
1 0.14218750000000008 0.703125 0.09531250000000009 0.703125 0.09531250000000009 0.784375 0.14218750000000008 0.784375
37 0.2968750000000001 0.43125 0.2671875000000001 0.43125 0.2671875000000001 0.5078125 0.2968750000000001 0.5078125
7 0.3609375000000001 0.4375 0.3109375000000001 0.4375 0.3109375000000001 0.5421875 0.3609375000000001 0.5421875
34 0.4953125 0.428125 0.4640625 0.428125 0.4640625 0.471875 0.4953125 0.471875
10 0.14218750000000005 0.384375 0.10937500000000004 0.384375 0.10937500000000004 0.4640625 0.14218750000000005 0.4640625
29 0.03906250000000007 0.540625 0.014062500000000066 0.540625 0.01406250000000007 0.609375 0.039062500000000076 0.609375
11 0.009375000000000064 0.490625 6.008423358316702e-17 0.490625 6.352855270576895e-17 0.546875 0.009375000000000067 0.546875
15 0.07812500000000007 0.4921875 0.04062500000000006 0.4921875 0.040625000000000064 0.5671875 0.07812500000000007 0.5671875
28 0.05937500000000005 0.428125 0.03437500000000006 0.428125 0.03437500000000006 0.490625 0.05937500000000007 0.490625
26 0.3921875 0.2140625000000001 0.3734375 0.2140625000000001 0.3734375 0.2593750000000001 0.3921875 0.2593750000000001
30 0.4890625 0.19843750000000004 0.4609375 0.19843750000000004 0.4609375 0.2562500000000001 0.4890625 0.2562500000000001
24 0.5765625 0.22656250000000008 0.5609375 0.22656250000000008 0.5609375 0.2671875000000001 0.5765625 0.2671875000000001
32 0.5828125 0.23593750000000008 0.578125 0.23593750000000008 0.578125 0.2843750000000001 0.5828125 0.2843750000000001