20 0.14687500000000003 0.3375 0.12031250000000004 0.3375 0.12031250000000004 0.4 0.14687500000000003 0.4
1 0.1359375000000001 0.675 0.09218750000000009 0.675 0.09218750000000009 0.7765625 0.1359375000000001 0.7765625
12 0.04843750000000009 0.7296875 0.01093750000000009 0.7296875 0.010937500000000095 0.809375 0.0484375000000001 0.809375
0 0.2156250000000001 0.821875 0.16562500000000008 0.821875 0.1656250000000001 0.91875 0.2156250000000001 0.91875
29 0.035937500000000074 0.5234375 0.018750000000000065 0.5234375 0.01875000000000007 0.5953125 0.03593750000000008 0.5953125
11 0.015625000000000062 0.475 0.0015625000000000582 0.475 0.001562500000000062 0.5390625 0.015625000000000066 0.5390625
15 0.06250000000000007 0.4890625 0.03437500000000006 0.4890625 0.03437500000000006 0.553125 0.06250000000000007 0.553125
28 0.05156250000000005 0.428125 0.028125000000000056 0.428125 0.028125000000000056 0.48125 0.05156250000000007 0.48125
37 0.29375000000000007 0.421875 0.2687500000000001 0.421875 0.2687500000000001 0.5078125 0.29375000000000007 0.5078125
7 0.3515625000000001 0.465625 0.3234375000000001 0.465625 0.3234375000000001 0.528125 0.3515625000000001 0.528125
34 0.4859375 0.4109375 0.4578125 0.4109375 0.4578125 0.4640625 0.4859375 0.4640625
33 0.5765625 0.27031250000000007 0.5578125 0.27031250000000007 0.5578125 0.3062500000000001 0.5765625 0.3062500000000001
30 0.465625 0.17812500000000003 0.44375 0.17812500000000003 0.44375 0.2250000000000001 0.465625 0.2250000000000001
5 0.421875 0.16406250000000006 0.4078125 0.16406250000000006 0.4078125 0.20468750000000008 0.421875 0.20468750000000008