15 0.2093750000000001 0.7609375 0.1531250000000001 0.7609375 0.1531250000000001 0.84375 0.2093750000000001 0.84375
3 0.11718750000000014 0.9125 0.07031250000000011 0.9125 0.07031250000000012 1 0.11718750000000014 1
12 0.0703125000000001 0.7609375 0.02968750000000009 0.7609375 0.029687500000000096 0.84375 0.07031250000000011 0.84375
1 0.1468750000000001 0.6875 0.10781250000000009 0.6875 0.10781250000000009 0.7640625 0.1468750000000001 0.7640625
35 0.037500000000000075 0.6109375 0.007812500000000075 0.6109375 0.00781250000000008 0.6703125 0.037500000000000075 0.6703125
29 0.034375000000000065 0.53125 0.006250000000000064 0.53125 0.006250000000000068 0.5828125 0.034375000000000065 0.5828125
36 0.07500000000000007 0.4796875 0.05312500000000007 0.4796875 0.05312500000000007 0.534375 0.07500000000000007 0.534375
14 0.17812500000000003 0.325 0.16093750000000004 0.325 0.16093750000000004 0.3859375 0.17812500000000003 0.3859375
21 0.20468750000000008 0.36875 0.17812500000000003 0.36875 0.17812500000000003 0.43125 0.20468750000000008 0.43125
17 0.21875 0.3015625 0.19218750000000004 0.3015625 0.19218750000000004 0.346875 0.21875 0.346875
8 0.25000000000000006 0.3359375 0.23125 0.3359375 0.23125000000000004 0.3890625 0.2500000000000001 0.3890625
6 0.30000000000000004 0.2984375 0.2734375 0.2984375 0.27343750000000006 0.36875 0.3000000000000001 0.36875
37 0.2828125000000001 0.4234375 0.26250000000000007 0.4234375 0.26250000000000007 0.4796875 0.2828125000000001 0.4796875
13 0.3546875000000001 0.403125 0.3234375000000001 0.403125 0.3234375000000001 0.446875 0.3546875000000001 0.446875
7 0.3859375000000001 0.515625 0.3437500000000001 0.515625 0.3437500000000001 0.6015625 0.3859375000000001 0.6015625
38 0.4375 0.415625 0.4 0.415625 0.4 0.5015625 0.4375 0.5015625
34 0.49375 0.3921875000000001 0.46875 0.3921875000000001 0.46875 0.4640625 0.49375 0.4640625
33 0.6109375 0.2890625000000001 0.5875 0.2890625000000001 0.5875 0.3500000000000001 0.6109375 0.3500000000000001
5 0.6453125 0.2531250000000001 0.6203125 0.2531250000000001 0.6203125 0.3109375000000001 0.6453125 0.3109375000000001
0 0.553125 0.25468750000000007 0.5328125 0.25468750000000007 0.5328125 0.3109375000000001 0.553125 0.3109375000000001
32 0.584375 0.2218750000000001 0.565625 0.2218750000000001 0.565625 0.28593750000000007 0.584375 0.28593750000000007
24 0.459375 0.22656250000000008 0.4390625 0.22656250000000008 0.4390625 0.27812500000000007 0.459375 0.27812500000000007
30 0.4984375 0.2078125000000001 0.4765625 0.2078125000000001 0.4765625 0.2593750000000001 0.4984375 0.2593750000000001
26 0.3953125 0.2171875000000001 0.3734375 0.2171875000000001 0.3734375 0.2656250000000001 0.3953125 0.2656250000000001
9 0.43125 0.19531250000000006 0.4109375 0.19531250000000006 0.4109375 0.2531250000000001 0.43125 0.2531250000000001