5 0.74375 0.6312500000000001 0.6609375 0.63125 0.6609375 0.6625000000000001 0.74375 0.6625000000000002
34 0.6265625 0.4484375 0.5390625 0.4484375 0.5390625 0.4953125 0.6265625 0.4953125
38 0.578125 0.3921875000000001 0.4921875 0.3921875000000001 0.4921875 0.440625 0.578125 0.440625
7 0.4796875 0.3421875000000001 0.4109375 0.3421875000000001 0.4109375 0.3890625000000001 0.4796875 0.3890625000000001
13 0.6125 0.3281250000000001 0.5484375 0.3281250000000001 0.5484375 0.3625000000000001 0.6125 0.3625000000000001
37 0.5890625 0.2500000000000001 0.5265625 0.2500000000000001 0.5265625 0.2812500000000001 0.5890625 0.2812500000000001
8 0.6609375 0.22812500000000008 0.6109375 0.22812500000000008 0.6109375 0.25468750000000007 0.6609375 0.25468750000000007
16 0.7203125 0.22812500000000008 0.671875 0.22812500000000008 0.671875 0.2656250000000001 0.7203125 0.2656250000000001
17 0.6984375 0.18906250000000008 0.6453125 0.18906250000000008 0.6453125 0.2140625000000001 0.6984375 0.2140625000000001
14 0.6703125 0.1546875000000001 0.6203125 0.1546875000000001 0.6203125 0.1828125000000001 0.6703125 0.1828125000000001
21 0.6375 0.18750000000000008 0.5734375 0.18750000000000008 0.5734375 0.2093750000000001 0.6375 0.2093750000000001
26 0.784375 0.3703125000000001 0.7328125 0.3703125000000001 0.7328125 0.3906250000000001 0.784375 0.3906250000000001
9 0.8046875 0.41406250000000017 0.7609375 0.41406250000000017 0.7609375 0.43281250000000016 0.8046875 0.43281250000000016
24 0.7796875 0.4406250000000001 0.7234375 0.440625 0.7234375 0.4593750000000001 0.7796875 0.4593750000000002
30 0.803125 0.4750000000000002 0.7484375 0.4750000000000002 0.7484375 0.49531250000000016 0.803125 0.49531250000000016
0 0.75625 0.5328125000000001 0.703125 0.5328125 0.703125 0.5578125 0.75625 0.5578125000000002
1 0.3453125 0.08906250000000003 0.2453125 0.08906250000000002 0.2453125 0.14218750000000005 0.3453125 0.14218750000000005
12 0.2265625 0.018750000000000024 0.134375 0.018750000000000017 0.134375 0.07500000000000002 0.2265625 0.07500000000000002
10 0.415625 0.07656250000000005 0.34375 0.07656250000000005 0.34375 0.10937500000000004 0.415625 0.10937500000000004
35 0.3640625 0.00625000000000004 0.2875 0.006250000000000036 0.2875 0.040625000000000036 0.3640625 0.04062500000000004
36 0.53125 0.050000000000000065 0.46875 0.050000000000000065 0.46875 0.07500000000000007 0.53125 0.07500000000000007
29 0.4796875 0.007812500000000054 0.4078125 0.00781250000000005 0.4078125 0.03593750000000005 0.4796875 0.03593750000000005
6 0.675 0.2953125000000001 0.6125 0.2953125000000001 0.6125 0.33281250000000007 0.675 0.33281250000000007