5 0.3703125 0.23125000000000004 0.278125 0.23125 0.278125 0.28437500000000004 0.3703125 0.2843750000000001
9 0.2921875000000001 0.4390625 0.21093750000000008 0.4390625 0.21093750000000008 0.4796875 0.2921875000000001 0.4796875
30 0.25468750000000007 0.5 0.18593750000000003 0.5 0.18593750000000003 0.5390625 0.25468750000000007 0.5390625
32 0.3031250000000001 0.4140625 0.22656250000000008 0.4140625 0.22656250000000008 0.4328125 0.3031250000000001 0.4328125
34 0.490625 0.515625 0.4015625 0.515625 0.4015625 0.5515625 0.490625 0.5515625
7 0.55 0.6453125 0.45625 0.6453125 0.45625 0.6890625 0.55 0.6890625
37 0.5062500000000001 0.703125 0.4203125 0.703125 0.4203125000000001 0.734375 0.5062500000000002 0.734375
20 0.4125000000000002 0.84375 0.3343750000000001 0.84375 0.3343750000000001 0.884375 0.4125000000000002 0.884375
1 0.7812500000000002 0.8875 0.6562500000000002 0.8875 0.6562500000000002 0.9421875 0.7812500000000002 0.9421875
12 0.8765625 0.91875 0.7703125000000002 0.91875 0.7703125000000002 0.9671875 0.8765625 0.9671875
29 0.5937500000000002 0.9625 0.5093750000000001 0.9625 0.5093750000000001 0.9984375 0.5937500000000002 0.9984375
28 0.48750000000000016 0.946875 0.4265625000000002 0.946875 0.4265625000000002 0.9796875 0.48750000000000016 0.9796875
15 0.5625000000000002 0.940625 0.49218750000000017 0.940625 0.49218750000000017 0.965625 0.5625000000000002 0.965625