32 0.6 0.2312500000000001 0.571875 0.2312500000000001 0.571875 0.2953125000000001 0.6 0.2953125000000001
0 0.5671875 0.19062500000000007 0.5390625 0.19062500000000004 0.5390625 0.2531250000000001 0.5671875 0.2531250000000001
30 0.4703125 0.2015625000000001 0.4453125 0.2015625000000001 0.4453125 0.2453125000000001 0.4703125 0.2453125000000001
34 0.490625 0.3781250000000001 0.4578125 0.3781250000000001 0.4578125 0.4515625 0.490625 0.4515625
7 0.3593750000000001 0.4578125 0.3109375000000001 0.4578125 0.3109375000000001 0.5328125 0.3593750000000001 0.5328125
37 0.2984375000000001 0.4234375 0.2609375000000001 0.4234375 0.2609375000000001 0.5015625 0.2984375000000001 0.5015625
1 0.14218750000000008 0.671875 0.0906250000000001 0.671875 0.0906250000000001 0.7828125 0.14218750000000008 0.7828125
10 0.10000000000000006 0.525 0.06093750000000007 0.525 0.06093750000000007 0.6015625 0.10000000000000009 0.6015625
12 0.045312500000000096 0.728125 0.004687500000000089 0.728125 0.004687500000000094 0.8140625 0.0453125000000001 0.8140625
29 0.04218750000000007 0.5234375 0.007812500000000064 0.5234375 0.00781250000000007 0.6015625 0.04218750000000008 0.6015625
15 0.11875000000000005 0.3296875 0.09218750000000005 0.3296875 0.09218750000000005 0.4046875 0.11875000000000005 0.4046875
28 0.054687500000000056 0.425 0.028125000000000056 0.425 0.028125000000000056 0.4875 0.05468750000000007 0.4875