5 0.3781250000000001 0.690625 0.3531250000000001 0.690625 0.3531250000000001 0.753125 0.3781250000000001 0.753125
33 0.4171875000000001 0.6609375 0.3890625000000001 0.6609375 0.3890625000000001 0.7265625 0.41718750000000016 0.7265625
32 0.43437500000000007 0.721875 0.4125 0.721875 0.4125000000000001 0.76875 0.4343750000000002 0.76875
0 0.48125000000000007 0.7078125 0.453125 0.7078125 0.4531250000000001 0.75625 0.4812500000000002 0.75625
30 0.5312500000000002 0.75 0.4984375000000002 0.75 0.4984375000000002 0.796875 0.5312500000000002 0.796875
24 0.5828125000000002 0.7296875 0.5609375000000002 0.7296875 0.5609375000000002 0.7765625 0.5828125000000002 0.7765625
9 0.5921875000000002 0.775 0.5703125000000002 0.775 0.5703125000000002 0.7984375 0.5921875000000002 0.7984375
26 0.6265625000000001 0.7375 0.6062500000000002 0.7375 0.6062500000000002 0.7828125 0.6265625000000001 0.7828125
34 0.5375 0.5421875 0.50625 0.5421875 0.50625 0.6234375 0.5375 0.6234375
38 0.603125 0.50625 0.5609375 0.50625 0.5609375 0.58125 0.603125 0.58125
7 0.68125 0.4640625 0.64375 0.4640625 0.64375 0.540625 0.68125 0.540625
13 0.6734375 0.5609375 0.6421875 0.5609375 0.6421875 0.6140625 0.6734375 0.6140625
37 0.75 0.5125000000000001 0.715625 0.5125 0.715625 0.5843750000000001 0.75 0.5843750000000002
6 0.7265625 0.6390625000000001 0.6921875 0.6390625 0.6921875 0.7000000000000001 0.7265625 0.7000000000000002
8 0.76875 0.6093750000000002 0.7375 0.6093750000000002 0.7375 0.6656250000000001 0.76875 0.6656250000000001
21 0.828125 0.5703125000000002 0.8 0.5703125000000002 0.8 0.6265625000000001 0.828125 0.6265625000000001
16 0.7656250000000001 0.6734375000000001 0.734375 0.6734375000000001 0.7343750000000001 0.7296875000000002 0.7656250000000002 0.7296875000000002
14 0.8390625 0.6265625000000001 0.8171875 0.6265625000000001 0.8171875 0.6656250000000001 0.8390625 0.6656250000000001
17 0.8140625 0.6421875000000001 0.7875 0.6421875000000001 0.7875 0.6984375000000002 0.8140625 0.6984375000000002
15 0.859375 0.14218750000000008 0.7953125 0.14218750000000008 0.7953125 0.2640625000000001 0.859375 0.2640625000000001
3 0.95 0.0015625000000001113 0.86875 0.0015625000000001061 0.86875 0.10625000000000011 0.95 0.10625000000000014
12 0.9640625 0.15937500000000013 0.9140625 0.15937500000000013 0.9140625 0.2453125000000001 0.9640625 0.2453125000000001
1 0.9078125 0.23437500000000008 0.8609375 0.23437500000000008 0.8609375 0.3281250000000001 0.9078125 0.3281250000000001
10 0.9484375 0.3765625000000001 0.9078125 0.3765625000000001 0.9078125 0.4546875000000002 0.9484375 0.4546875000000002
35 0.9953125 0.3218750000000001 0.9625 0.3218750000000001 0.9625 0.3937500000000001 0.9953125 0.3937500000000001
29 1 0.43750000000000017 0.9734375 0.43750000000000017 0.9734375 0.4937500000000002 1 0.4937500000000002
36 0.9546875 0.4734375000000002 0.9171875 0.4734375000000002 0.9171875 0.5296875000000002 0.9546875 0.5296875000000002