0 0.1875 1.7891324331293363e-17 0.1046875 1.2820521178573852e-17 0.1046875 0.09687500000000002 0.1875 0.09687500000000002
12 0.08125000000000002 0.11875 0.025000000000000012 0.11875 0.025000000000000015 0.2078125 0.08125000000000002 0.2078125
1 0.14218750000000005 0.215625 0.09531250000000002 0.215625 0.09531250000000004 0.296875 0.14218750000000005 0.296875
37 0.2968750000000001 0.4921875 0.2671875000000001 0.4921875 0.2671875000000001 0.5703125 0.2968750000000001 0.5703125
7 0.3609375000000001 0.459375 0.3109375000000001 0.459375 0.3109375000000001 0.5625 0.3609375000000001 0.5625
34 0.4953125 0.528125 0.4640625 0.528125 0.4640625 0.571875 0.4953125 0.571875
10 0.14218750000000008 0.5359375 0.10937500000000004 0.5359375 0.10937500000000007 0.615625 0.14218750000000008 0.615625
29 0.03906250000000005 0.3921875 0.01406250000000005 0.3921875 0.014062500000000052 0.4609375 0.039062500000000056 0.4609375
11 0.009375000000000059 0.453125 5.5491808086364444e-17 0.453125 5.893612720896637e-17 0.509375 0.00937500000000006 0.509375
15 0.07812500000000006 0.434375 0.04062500000000006 0.434375 0.040625000000000064 0.509375 0.07812500000000007 0.509375
28 0.05937500000000007 0.509375 0.034375000000000065 0.509375 0.034375000000000065 0.571875 0.05937500000000007 0.571875
26 0.3921875000000001 0.7421875 0.3734375000000001 0.7421875 0.3734375000000001 0.7875 0.3921875000000001 0.7875
30 0.4890625000000002 0.74375 0.46093750000000017 0.74375 0.46093750000000017 0.803125 0.4890625000000002 0.803125
24 0.5765625000000002 0.7328125 0.5609375000000002 0.7328125 0.5609375000000002 0.7734375 0.5765625000000002 0.7734375
32 0.5843750000000001 0.715625 0.578125 0.715625 0.5781250000000001 0.765625 0.5843750000000002 0.765625