33 0.4140625 0.2812500000000001 0.3859375 0.2812500000000001 0.3859375 0.3390625000000001 0.4140625 0.3390625000000001
5 0.38125 0.25312500000000004 0.35625 0.253125 0.35625 0.30937500000000007 0.38125 0.30937500000000007
0 0.4703125 0.2515625000000001 0.44375 0.2515625000000001 0.44375 0.3062500000000001 0.4703125 0.3062500000000001
32 0.4453125 0.2312500000000001 0.4203125 0.2312500000000001 0.4203125 0.2843750000000001 0.4453125 0.2843750000000001
30 0.5265625 0.20312500000000008 0.5046875 0.20312500000000008 0.5046875 0.2531250000000001 0.5265625 0.2531250000000001
26 0.6421875 0.2140625000000001 0.61875 0.2140625000000001 0.61875 0.25468750000000007 0.6421875 0.25468750000000007
9 0.603125 0.1984375000000001 0.5859375 0.1984375000000001 0.5859375 0.2328125000000001 0.603125 0.2328125000000001
34 0.5421875 0.37968750000000007 0.5078125 0.37968750000000007 0.5078125 0.4546875 0.5421875 0.4546875
38 0.6015625 0.4265625 0.5609375 0.4265625 0.5609375 0.50625 0.6015625 0.50625
7 0.646875 0.4734375 0.6125 0.4734375 0.6125 0.553125 0.646875 0.553125
13 0.675 0.3828125000000001 0.65 0.3828125000000001 0.65 0.4515625 0.675 0.4515625
37 0.75 0.4062500000000001 0.71875 0.40625 0.71875 0.4750000000000001 0.75 0.4750000000000002
6 0.728125 0.2984375000000001 0.7015625 0.2984375000000001 0.7015625 0.3468750000000001 0.728125 0.3468750000000001
21 0.815625 0.3625000000000001 0.79375 0.3625000000000001 0.79375 0.42187500000000017 0.815625 0.42187500000000017
8 0.775 0.3359375000000001 0.746875 0.3359375000000001 0.746875 0.3843750000000001 0.775 0.3843750000000001
16 0.7578125 0.2656250000000001 0.7375 0.2656250000000001 0.7375 0.3140625000000001 0.7578125 0.3140625000000001
14 0.8484375 0.32500000000000007 0.8234375 0.32500000000000007 0.8234375 0.3812500000000001 0.8484375 0.3812500000000001
17 0.815625 0.30937500000000007 0.7921875 0.30937500000000007 0.7921875 0.3593750000000001 0.815625 0.3593750000000001
1 0.909375 0.6703125000000002 0.865625 0.6703125000000002 0.865625 0.7609375000000002 0.909375 0.7609375000000002
12 0.965625 0.7796875000000002 0.928125 0.7796875000000002 0.928125 0.871875 0.965625 0.871875
15 0.85 0.8140625 0.7906250000000001 0.8140625 0.7906250000000001 0.940625 0.85 0.940625
35 0.99375 0.5890625000000002 0.9609375 0.5890625000000002 0.9609375 0.6656250000000001 0.99375 0.6656250000000001
10 0.9265625 0.5312500000000002 0.8953125 0.5312500000000002 0.8953125 0.6062500000000002 0.9265625 0.6062500000000002
29 0.9859375 0.5250000000000001 0.959375 0.5250000000000001 0.959375 0.5906250000000002 0.9859375 0.5906250000000002
36 0.9546875 0.46875000000000017 0.9265625 0.46875000000000017 0.9265625 0.5281250000000002 0.9546875 0.5281250000000002
11 1 0.5125000000000002 0.9859375 0.5125000000000002 0.9859375 0.5718750000000001 1 0.5718750000000001
3 0.9390625 0.921875 0.8796875 0.921875 0.8796875 1 0.9390625 1