33 0.38750000000000007 0.646875 0.3593750000000001 0.646875 0.3593750000000001 0.7078125 0.38750000000000007 0.7078125
5 0.3656250000000001 0.68125 0.34062500000000007 0.68125 0.34062500000000007 0.7390625 0.3656250000000001 0.7390625
32 0.4406250000000001 0.7171875 0.4125 0.7171875 0.4125000000000001 0.775 0.44062500000000016 0.775
0 0.4640625000000001 0.7078125 0.4390625 0.7078125 0.4390625000000001 0.759375 0.46406250000000016 0.759375
30 0.5484375000000001 0.753125 0.5312500000000002 0.753125 0.5312500000000002 0.796875 0.5484375000000001 0.796875
24 0.6046875000000002 0.7375 0.5796875000000001 0.7375 0.5796875000000001 0.771875 0.6046875000000002 0.771875
9 0.5859375000000002 0.753125 0.5671875000000002 0.753125 0.5671875000000002 0.8 0.5859375000000002 0.8
26 0.6406250000000002 0.740625 0.6203125000000002 0.740625 0.6203125000000002 0.79375 0.6406250000000002 0.79375
34 0.5390625 0.53125 0.4953125 0.53125 0.4953125 0.6234375 0.5390625 0.6234375
13 0.6875 0.5328125 0.6546875 0.5328125 0.6546875 0.6078125 0.6875 0.6078125
37 0.7546875 0.5062500000000001 0.7171875 0.50625 0.7171875 0.58125 0.7546875 0.5812500000000002
15 0.85625 0.0937500000000001 0.796875 0.09375000000000008 0.796875 0.2218750000000001 0.85625 0.2218750000000001
1 0.9125 0.2328125000000001 0.8640625 0.2328125000000001 0.8640625 0.3203125000000001 0.9125 0.3203125000000001
35 0.9921875 0.3125000000000001 0.9484375 0.3125000000000001 0.9484375 0.3906250000000001 0.9921875 0.3906250000000001
10 0.94375 0.40625000000000017 0.915625 0.40625000000000017 0.915625 0.46875000000000017 0.94375 0.46875000000000017
29 1 0.4312500000000002 0.9671875 0.4312500000000002 0.9671875 0.4968750000000002 1 0.4968750000000002
28 0.9546875 0.4984375000000002 0.934375 0.4984375000000002 0.934375 0.5656250000000002 0.9546875 0.5656250000000002
12 0.98125 0.14062500000000014 0.925 0.14062500000000014 0.925 0.23437500000000008 0.98125 0.23437500000000008