33 0.409375 0.6640625 0.3843750000000001 0.6640625 0.3843750000000001 0.7234375 0.409375 0.7234375
5 0.37968750000000007 0.690625 0.3578125000000001 0.690625 0.3578125000000001 0.7421875 0.37968750000000007 0.7421875
0 0.4750000000000001 0.6875 0.446875 0.6875 0.4468750000000001 0.74375 0.4750000000000002 0.74375
32 0.44218750000000007 0.725 0.41875 0.725 0.41875000000000007 0.775 0.4421875000000002 0.775
24 0.5656250000000002 0.7265625 0.5453125000000002 0.7265625 0.5453125000000002 0.7734375 0.5656250000000002 0.7734375
30 0.5250000000000001 0.7515625 0.5031250000000002 0.7515625 0.5031250000000002 0.7984375 0.5250000000000001 0.7984375
9 0.5906250000000002 0.75625 0.5750000000000002 0.75625 0.5750000000000002 0.7953125 0.5906250000000002 0.7953125
26 0.6250000000000002 0.7421875 0.6062500000000002 0.7421875 0.6062500000000002 0.784375 0.6250000000000002 0.784375
6 0.728125 0.6484375000000001 0.7015625 0.6484375 0.7015625 0.7015625000000001 0.728125 0.7015625000000002
8 0.7734375 0.6140625000000002 0.7515625 0.6140625000000002 0.7515625 0.6578125000000001 0.7734375 0.6578125000000001
21 0.8109375 0.5687500000000002 0.7890625 0.5687500000000002 0.7890625 0.6218750000000002 0.8109375 0.6218750000000002
37 0.7375 0.5234375000000001 0.709375 0.5234375 0.709375 0.5890625 0.7375 0.5890625000000002
13 0.6875 0.565625 0.659375 0.565625 0.659375 0.625 0.6875 0.625
7 0.684375 0.4703125 0.646875 0.4703125 0.646875 0.5421875 0.684375 0.5421875
38 0.575 0.4953125 0.540625 0.4953125 0.540625 0.5671875 0.575 0.5671875
34 0.54375 0.5515625 0.509375 0.5515625 0.509375 0.621875 0.54375 0.621875
14 0.8421875 0.6218750000000002 0.8203125 0.6218750000000002 0.8203125 0.6718750000000002 0.8421875 0.6718750000000002
17 0.7875 0.6546875000000002 0.765625 0.6546875000000002 0.765625 0.6984375000000002 0.7875 0.6984375000000002
16 0.771875 0.6703125000000002 0.75 0.6703125000000002 0.75 0.7156250000000002 0.771875 0.7156250000000002
1 0.91875 0.2984375000000001 0.8765625 0.2984375000000001 0.8765625 0.3781250000000001 0.91875 0.3781250000000001
35 0.9921875 0.3140625000000001 0.9640625 0.3140625000000001 0.9640625 0.3828125000000001 0.9921875 0.3828125000000001
10 0.95 0.3750000000000001 0.9140625 0.3750000000000001 0.9140625 0.4515625000000002 0.95 0.4515625000000002
29 0.9921875 0.42500000000000016 0.9640625 0.42500000000000016 0.9640625 0.4812500000000002 0.9921875 0.4812500000000002
36 0.95 0.4734375000000002 0.925 0.4734375000000002 0.925 0.5265625000000002 0.95 0.5265625000000002
15 0.8703125 0.14843750000000008 0.8046875 0.14843750000000008 0.8046875 0.2468750000000001 0.8703125 0.2468750000000001
11 1 0.45312500000000017 0.984375 0.45312500000000017 0.984375 0.5031250000000002 1 0.5031250000000002
28 0.9609375 0.5171875000000001 0.9390625 0.5171875000000001 0.9390625 0.5609375000000002 0.9609375 0.5609375000000002