12 0.9640625 0.13750000000000012 0.9328125 0.13750000000000012 0.9328125 0.2062500000000001 0.9640625 0.2062500000000001
1 0.8984375 0.22656250000000008 0.8578125 0.22656250000000008 0.8578125 0.29375000000000007 0.8984375 0.29375000000000007
29 0.9890625 0.4078125000000002 0.9703125 0.4078125000000002 0.9703125 0.4656250000000002 0.9890625 0.4656250000000002
15 0.96875 0.44531250000000017 0.940625 0.44531250000000017 0.940625 0.5015625000000001 0.96875 0.5015625000000001
11 0.990625 0.4812500000000002 0.9703125 0.4812500000000002 0.9703125 0.5375000000000002 0.990625 0.5375000000000002
28 0.9671875 0.5218750000000002 0.9359375 0.5218750000000002 0.9359375 0.5796875000000001 0.9671875 0.5796875000000001
10 0.896875 0.5468750000000002 0.8578125 0.5468750000000002 0.8578125 0.6093750000000002 0.896875 0.6093750000000002
37 0.734375 0.5062500000000001 0.703125 0.50625 0.703125 0.565625 0.734375 0.5656250000000002
7 0.6890625 0.46875 0.6515625 0.46875 0.6515625 0.53125 0.6890625 0.53125
34 0.5359375 0.5296875 0.5046875 0.5296875 0.5046875 0.6078125 0.5359375 0.6078125
33 0.44218750000000007 0.69375 0.428125 0.69375 0.4281250000000001 0.734375 0.4421875000000002 0.734375
32 0.4281250000000001 0.725 0.4125 0.725 0.4125000000000001 0.7578125 0.4281250000000002 0.7578125
24 0.4500000000000002 0.75 0.4312500000000002 0.75 0.4312500000000002 0.790625 0.4500000000000002 0.790625
30 0.5437500000000002 0.75625 0.5218750000000002 0.75625 0.5218750000000002 0.7875 0.5437500000000002 0.7875
26 0.6250000000000002 0.74375 0.6031250000000001 0.74375 0.6031250000000001 0.78125 0.6250000000000002 0.78125