32 0.5890625 0.2250000000000001 0.5609375 0.2250000000000001 0.5609375 0.2828125000000001 0.5890625 0.2828125000000001
0 0.5625 0.2406250000000001 0.5375 0.2406250000000001 0.5375 0.2921875000000001 0.5625 0.2921875000000001
34 0.5046875 0.3765625000000001 0.4609375 0.3765625000000001 0.4609375 0.46875 0.5046875 0.46875
1 0.1375000000000001 0.68125 0.08906250000000009 0.68125 0.08906250000000009 0.76875 0.1375000000000001 0.76875
12 0.0765625000000001 0.7671875 0.020312500000000094 0.7671875 0.0203125000000001 0.859375 0.07656250000000012 0.859375
30 0.5 0.2078125000000001 0.48125 0.2078125000000001 0.48125 0.2578125000000001 0.5 0.2578125000000001
26 0.403125 0.21093750000000008 0.384375 0.21093750000000008 0.384375 0.26250000000000007 0.403125 0.26250000000000007
29 0.035937500000000074 0.5203125 0.010937500000000063 0.5203125 0.010937500000000069 0.596875 0.03593750000000008 0.596875
15 0.057812500000000065 0.5 0.034375000000000065 0.5 0.034375000000000065 0.578125 0.057812500000000065 0.578125
28 0.04218750000000006 0.4421875 0.015625000000000056 0.4421875 0.01562500000000006 0.4890625 0.04218750000000006 0.4890625
7 0.3546875000000001 0.4578125 0.3203125000000001 0.4578125 0.3203125000000001 0.54375 0.3546875000000001 0.54375
37 0.2953125000000001 0.4171875 0.2671875000000001 0.4171875 0.2671875000000001 0.5015625 0.2953125000000001 0.5015625