5 0.6453125 0.2656250000000001 0.625 0.2656250000000001 0.625 0.30937500000000007 0.6453125 0.30937500000000007
33 0.6171875 0.2921875000000001 0.596875 0.2921875000000001 0.596875 0.3421875000000001 0.6171875 0.3421875000000001
32 0.5875 0.23437500000000008 0.5671875 0.23437500000000008 0.5671875 0.2796875000000001 0.5875 0.2796875000000001
0 0.5515625 0.2609375000000001 0.5265625 0.2609375000000001 0.5265625 0.3078125000000001 0.5515625 0.3078125000000001
30 0.496875 0.21093750000000008 0.471875 0.21093750000000008 0.471875 0.2593750000000001 0.496875 0.2593750000000001
24 0.45625 0.2375000000000001 0.4359375 0.2375000000000001 0.4359375 0.2812500000000001 0.45625 0.2812500000000001
9 0.4265625 0.2078125000000001 0.4109375 0.2078125000000001 0.4109375 0.2375000000000001 0.4265625 0.2375000000000001
26 0.3921875 0.2156250000000001 0.3703125 0.2156250000000001 0.3703125 0.26250000000000007 0.3921875 0.26250000000000007
34 0.496875 0.3843750000000001 0.4625 0.3843750000000001 0.4625 0.453125 0.496875 0.453125
38 0.446875 0.43125 0.4171875 0.43125 0.4171875 0.5109375 0.446875 0.5109375
7 0.3734375000000001 0.459375 0.3421875000000001 0.459375 0.3421875000000001 0.51875 0.3734375000000001 0.51875
13 0.3500000000000001 0.3984375 0.31718750000000007 0.3984375 0.31718750000000007 0.4421875 0.3500000000000001 0.4421875
37 0.2796875000000001 0.41875 0.2453125000000001 0.41875 0.2453125000000001 0.48125 0.2796875000000001 0.48125
6 0.2984375 0.2984375 0.2765625 0.2984375 0.2765625 0.35625 0.2984375 0.35625
8 0.25312500000000004 0.340625 0.23125 0.340625 0.23125000000000004 0.390625 0.2531250000000001 0.390625
17 0.2203125 0.3125 0.19375000000000003 0.3125 0.19375000000000003 0.3578125 0.2203125 0.3578125
16 0.2453125 0.303125 0.225 0.303125 0.225 0.334375 0.2453125 0.334375
14 0.18593750000000003 0.3359375 0.16250000000000003 0.3359375 0.16250000000000003 0.3890625 0.18593750000000003 0.3890625
15 0.1906250000000001 0.7734375 0.14062500000000008 0.7734375 0.14062500000000008 0.86875 0.1906250000000001 0.86875
1 0.12343750000000009 0.634375 0.08437500000000006 0.634375 0.08437500000000007 0.7109375 0.12343750000000009 0.7109375
35 0.025000000000000085 0.6515625 7.979339300694473e-17 0.6515625 8.295068553599651e-17 0.703125 0.025000000000000088 0.703125
10 0.09062500000000007 0.55625 0.057812500000000065 0.55625 0.057812500000000065 0.6171875 0.09062500000000007 0.6171875
36 0.07343750000000007 0.471875 0.045312500000000054 0.471875 0.04531250000000006 0.5265625 0.07343750000000007 0.5265625
29 0.03125000000000007 0.53125 0.007812500000000064 0.53125 0.007812500000000068 0.578125 0.03125000000000007 0.578125