5 0.6625 0.2578125000000001 0.63125 0.2578125000000001 0.63125 0.34062500000000007 0.6625 0.34062500000000007
34 0.4953125 0.3734375000000001 0.4484375 0.3734375000000001 0.4484375 0.4625 0.4953125 0.4625
38 0.440625 0.4234375 0.3921875000000001 0.4234375 0.3921875000000001 0.509375 0.440625 0.509375
7 0.3890625000000001 0.5203125 0.3421875000000001 0.5203125 0.3421875000000001 0.5890625 0.3890625000000001 0.5890625
13 0.3625000000000001 0.3890625 0.3281250000000001 0.3890625 0.3281250000000001 0.453125 0.3625000000000001 0.453125
37 0.2812500000000001 0.4109375 0.2500000000000001 0.4109375 0.2500000000000001 0.4734375 0.2812500000000001 0.4734375
8 0.25468750000000007 0.340625 0.228125 0.340625 0.22812500000000005 0.3890625 0.25468750000000007 0.3890625
16 0.265625 0.28125 0.228125 0.28125 0.228125 0.3296875 0.265625 0.3296875
17 0.2140625 0.3015625 0.18906250000000005 0.3015625 0.18906250000000005 0.3546875 0.2140625 0.3546875
14 0.18125000000000005 0.3296875 0.15468750000000003 0.3296875 0.15468750000000003 0.3796875 0.18125000000000005 0.3796875
21 0.2093750000000001 0.3640625 0.18593750000000003 0.3640625 0.18593750000000003 0.428125 0.2093750000000001 0.428125
26 0.390625 0.2171875000000001 0.3703125 0.2171875000000001 0.3703125 0.2687500000000001 0.390625 0.2687500000000001
9 0.4328125 0.19531250000000006 0.4125 0.19531250000000006 0.4125 0.2390625000000001 0.4328125 0.2390625000000001
24 0.459375 0.2218750000000001 0.4390625 0.2218750000000001 0.4390625 0.27812500000000007 0.459375 0.27812500000000007
30 0.4953125 0.19843750000000004 0.475 0.19843750000000004 0.475 0.2531250000000001 0.4953125 0.2531250000000001
0 0.5578125 0.24375000000000008 0.5328125 0.24375000000000008 0.5328125 0.2968750000000001 0.5578125 0.2968750000000001
1 0.14218750000000008 0.65625 0.08906250000000009 0.65625 0.08906250000000009 0.7546875 0.14218750000000008 0.7546875
12 0.0734375000000001 0.775 0.018750000000000093 0.775 0.0187500000000001 0.8671875 0.07343750000000011 0.8671875
10 0.10937500000000008 0.5859375 0.07656250000000006 0.5859375 0.07656250000000007 0.65625 0.10937500000000008 0.65625
35 0.040625000000000085 0.6375 0.004687500000000078 0.6375 0.004687500000000082 0.7140625 0.04062500000000009 0.7140625
36 0.07500000000000007 0.46875 0.04843750000000006 0.46875 0.048437500000000064 0.5328125 0.07500000000000007 0.5328125
29 0.035937500000000074 0.5203125 0.007812500000000064 0.5203125 0.007812500000000068 0.5921875 0.03593750000000008 0.5921875
6 0.33281250000000007 0.325 0.2953125 0.325 0.29531250000000003 0.3875 0.33281250000000007 0.3875