5 0.32343750000000004 0.3484375 0.2484375 0.3484375 0.24843750000000003 0.3765625 0.3234375000000001 0.3765625
33 0.3468750000000001 0.3828125 0.2734375000000001 0.3828125 0.2734375000000001 0.4140625 0.3468750000000001 0.4140625
32 0.2734375000000001 0.4171875 0.2234375000000001 0.4171875 0.2234375000000001 0.4390625 0.2734375000000001 0.4390625
0 0.3046875000000001 0.45625 0.2390625000000001 0.45625 0.2390625000000001 0.48125 0.3046875000000001 0.48125
30 0.2562500000000001 0.4984375 0.19843750000000004 0.4984375 0.19843750000000004 0.525 0.2562500000000001 0.525
24 0.2750000000000001 0.5390625 0.21875000000000008 0.5390625 0.21875000000000008 0.5625 0.2750000000000001 0.5625
9 0.24218750000000008 0.5796875 0.1984375000000001 0.5796875 0.1984375000000001 0.6015625 0.24218750000000008 0.6015625
26 0.25468750000000007 0.6109375 0.2078125000000001 0.6109375 0.2078125000000001 0.6359375 0.25468750000000007 0.6359375
34 0.45 0.50625 0.37187500000000007 0.50625 0.37187500000000007 0.55 0.45 0.55
38 0.521875 0.5578125 0.4015625 0.5578125 0.4015625 0.609375 0.521875 0.609375
7 0.5421875 0.6359375 0.4578125 0.6359375 0.4578125 0.6890625 0.5421875 0.6890625
37 0.4859375000000001 0.7015625 0.4078125 0.7015625 0.4078125000000001 0.7421875 0.4859375000000002 0.7421875
13 0.4375 0.6390625 0.37187500000000007 0.6390625 0.37187500000000007 0.684375 0.4375 0.684375
6 0.3687500000000001 0.671875 0.3031250000000001 0.671875 0.3031250000000001 0.70625 0.3687500000000001 0.70625
21 0.4343750000000002 0.7828125 0.3781250000000001 0.7828125 0.3781250000000001 0.8234375 0.4343750000000002 0.8234375
8 0.3937500000000001 0.7453125 0.3390625000000001 0.7453125 0.3390625000000001 0.7796875 0.3937500000000001 0.7796875
14 0.3781250000000001 0.809375 0.3343750000000001 0.809375 0.3343750000000001 0.8390625 0.3781250000000001 0.8390625
17 0.3468750000000001 0.7734375 0.3000000000000001 0.7734375 0.3000000000000001 0.8046875 0.3468750000000001 0.8046875
16 0.33281250000000007 0.7453125 0.2875000000000001 0.7453125 0.2875000000000001 0.7765625 0.33281250000000007 0.7765625
1 0.7250000000000002 0.875 0.6343750000000001 0.875 0.6343750000000001 0.9171875 0.7250000000000002 0.9171875
35 0.6843750000000002 0.9453125 0.6062500000000002 0.9453125 0.6062500000000002 0.9859375 0.6843750000000002 0.9859375
10 0.6468750000000002 0.9 0.5718750000000001 0.9 0.5718750000000001 0.95 0.6468750000000002 0.95
29 0.5843750000000002 0.9640625 0.5218750000000002 0.9640625 0.5218750000000002 1 0.5843750000000002 1
36 0.5328125000000001 0.9203125 0.4656250000000002 0.9203125 0.4656250000000002 0.9484375 0.5328125000000001 0.9484375