5 0.76875 0.6312500000000001 0.715625 0.63125 0.715625 0.7234375000000001 0.76875 0.7234375000000002
9 0.5609375000000001 0.709375 0.5203125 0.709375 0.5203125000000001 0.790625 0.5609375000000002 0.790625
30 0.5015625000000001 0.746875 0.4625000000000002 0.746875 0.4625000000000002 0.815625 0.5015625000000001 0.815625
32 0.5859375000000001 0.6984375 0.5671875 0.6984375 0.5671875000000001 0.775 0.5859375000000002 0.775
34 0.484375 0.5109375 0.4484375 0.5109375 0.4484375 0.6 0.484375 0.6
7 0.3546875000000001 0.4515625 0.3109375000000001 0.4515625 0.3109375000000001 0.5453125 0.3546875000000001 0.5453125
37 0.2968750000000001 0.4953125 0.2656250000000001 0.4953125 0.2656250000000001 0.58125 0.2968750000000001 0.58125
20 0.15625000000000008 0.5875 0.11562500000000009 0.5875 0.11562500000000009 0.665625 0.15625000000000008 0.665625
1 0.11406250000000004 0.2203125 0.059375000000000025 0.2203125 0.05937500000000003 0.3453125 0.11406250000000004 0.3453125
12 0.08281250000000002 0.125 0.03437500000000001 0.125 0.034375000000000024 0.23125 0.08281250000000002 0.23125
29 0.03906250000000005 0.40625 0.00312500000000005 0.40625 0.003125000000000055 0.490625 0.039062500000000056 0.490625
28 0.05468750000000007 0.5125 0.02187500000000006 0.5125 0.021875000000000068 0.5734375 0.05468750000000007 0.5734375
15 0.060937500000000054 0.4375 0.03593750000000005 0.4375 0.03593750000000006 0.5078125 0.06093750000000007 0.5078125