33 0.6375 0.2906250000000001 0.609375 0.2906250000000001 0.609375 0.3453125000000001 0.6375 0.3453125000000001
5 0.675 0.2593750000000001 0.6484375 0.2593750000000001 0.6484375 0.3203125000000001 0.675 0.3203125000000001
0 0.565625 0.2468750000000001 0.5453125 0.2468750000000001 0.5453125 0.3000000000000001 0.565625 0.3000000000000001
32 0.5921875 0.2296875000000001 0.56875 0.2296875000000001 0.56875 0.2750000000000001 0.5921875 0.2750000000000001
37 0.2875000000000001 0.4109375 0.2515625000000001 0.4109375 0.2515625000000001 0.478125 0.2875000000000001 0.478125
13 0.33281250000000007 0.3828125 0.30156250000000007 0.3828125 0.30156250000000007 0.45 0.33281250000000007 0.45
35 0.37968750000000007 0.30468750000000006 0.3578125 0.3046875 0.35781250000000003 0.37968750000000007 0.37968750000000007 0.37968750000000007
26 0.384375 0.20625000000000004 0.3609375 0.20625 0.3609375 0.25625000000000003 0.384375 0.2562500000000001
9 0.428125 0.20468750000000008 0.4171875 0.20468750000000008 0.4171875 0.23593750000000008 0.428125 0.23593750000000008
30 0.4734375 0.19375000000000003 0.45 0.19375000000000003 0.45 0.2484375000000001 0.4734375 0.2484375000000001
34 0.5015625 0.40625 0.465625 0.40625 0.465625 0.459375 0.5015625 0.459375
15 0.18437500000000012 0.7796875 0.13281250000000008 0.7796875 0.1328125000000001 0.9125 0.18437500000000012 0.9125
12 0.0718750000000001 0.7765625 0.0328125000000001 0.7765625 0.032812500000000105 0.865625 0.0718750000000001 0.865625
1 0.1390625000000001 0.7140625 0.10156250000000008 0.7140625 0.10156250000000008 0.778125 0.1390625000000001 0.778125
29 0.05156250000000007 0.503125 0.014062500000000061 0.503125 0.014062500000000066 0.5921875 0.05156250000000007 0.5921875
10 0.11093750000000006 0.5046875 0.07656250000000006 0.5046875 0.07656250000000006 0.6046875 0.11093750000000009 0.6046875
11 0.012500000000000063 0.4859375 5.95101803960667e-17 0.4859375 6.343287717458557e-17 0.55 0.012500000000000067 0.55
28 0.060937500000000054 0.4125 0.03281250000000006 0.4125 0.03281250000000006 0.49375 0.06093750000000007 0.49375
16 0.12031250000000004 0.3359375 0.08281250000000004 0.3359375 0.08281250000000004 0.3859375 0.12031250000000004 0.3859375