33 0.3421875000000001 0.5859375 0.2765625000000001 0.5859375 0.2765625000000001 0.6140625 0.3421875000000001 0.6140625
5 0.3078125000000001 0.6234375 0.2531250000000001 0.6234375 0.2531250000000001 0.6453125 0.3078125000000001 0.6453125
0 0.3031250000000001 0.534375 0.2531250000000001 0.534375 0.2531250000000001 0.553125 0.3031250000000001 0.553125
32 0.27812500000000007 0.5625 0.2250000000000001 0.5625 0.2250000000000001 0.584375 0.27812500000000007 0.584375
30 0.2484375000000001 0.475 0.2062500000000001 0.475 0.2062500000000001 0.496875 0.2484375000000001 0.496875
24 0.2718750000000001 0.440625 0.22812500000000008 0.440625 0.22812500000000008 0.459375 0.2718750000000001 0.459375
9 0.2375000000000001 0.4125 0.19687500000000005 0.4125 0.19687500000000005 0.428125 0.2375000000000001 0.428125
26 0.26250000000000007 0.375 0.2171875000000001 0.375 0.2171875000000001 0.396875 0.26250000000000007 0.396875
34 0.4546875 0.4640625 0.37968750000000007 0.4640625 0.37968750000000007 0.4921875 0.4546875 0.4921875
38 0.4984375 0.3984375000000001 0.43125 0.3984375000000001 0.43125 0.4359375 0.4984375 0.4359375
7 0.5796875 0.3453125000000001 0.5265625 0.3453125000000001 0.5265625 0.3828125000000001 0.5796875 0.3828125000000001
37 0.48125 0.2453125000000001 0.4171875 0.2453125000000001 0.4171875 0.2718750000000001 0.48125 0.2718750000000001
13 0.4390625 0.3265625000000001 0.3796875 0.3265625000000001 0.3796875 0.3515625000000001 0.4390625 0.3515625000000001
6 0.35625 0.2796875 0.3 0.2796875 0.3 0.303125 0.35625 0.303125
8 0.3796875 0.22812500000000005 0.3375 0.228125 0.3375 0.2515625 0.3796875 0.2515625000000001
21 0.41875 0.17968750000000006 0.371875 0.17968750000000006 0.371875 0.20468750000000008 0.41875 0.20468750000000008
14 0.378125 0.15625000000000006 0.33125 0.15625000000000006 0.33125 0.17500000000000004 0.378125 0.17500000000000004
17 0.346875 0.19218750000000004 0.30625 0.19218750000000004 0.30625 0.2140625 0.346875 0.2140625
16 0.3328125 0.2375 0.2828125 0.2375 0.2828125 0.259375 0.3328125 0.259375
36 0.53125 0.048437500000000064 0.475 0.04843750000000006 0.475 0.07343750000000007 0.53125 0.07343750000000007
29 0.5796875 0.006250000000000068 0.5234375 0.006250000000000064 0.5234375 0.03125000000000007 0.5796875 0.03125000000000007
35 0.671875 0.004687500000000078 0.6015625 0.0046875000000000736 0.6015625 0.03593750000000008 0.671875 0.03593750000000008
10 0.6625 0.07187500000000008 0.584375 0.07187500000000006 0.584375 0.10000000000000009 0.6625 0.10000000000000009
1 0.759375 0.09218750000000009 0.6640625 0.09218750000000009 0.6640625 0.13281250000000008 0.759375 0.13281250000000008
12 0.8171875 0.04218750000000009 0.7328125 0.042187500000000086 0.7328125 0.0796875000000001 0.8171875 0.0796875000000001
15 0.8578125 0.1390625000000001 0.7453125 0.1390625000000001 0.7453125 0.1937500000000001 0.8578125 0.1937500000000001
3 1 0.06562500000000013 0.89375 0.06562500000000011 0.89375 0.1187500000000001 1 0.11875000000000013