24 0.5671875000000002 0.7546875 0.5421875000000002 0.7546875 0.5421875000000002 0.8046875 0.5671875000000002 0.8046875
33 0.5734375 0.6875 0.5546875 0.6875 0.5546875000000001 0.746875 0.5734375000000002 0.746875
32 0.5875000000000001 0.71875 0.575 0.71875 0.5750000000000001 0.76875 0.5875000000000001 0.76875
30 0.5000000000000002 0.7484375 0.4812500000000002 0.7484375 0.4812500000000002 0.809375 0.5000000000000002 0.809375
26 0.40937500000000016 0.7390625 0.3921875000000001 0.7390625 0.3921875000000001 0.7796875 0.40937500000000016 0.7796875
34 0.4859375 0.5453125 0.4546875 0.5453125 0.4546875 0.60625 0.4859375 0.60625
7 0.3578125000000001 0.465625 0.3203125000000001 0.465625 0.3203125000000001 0.5328125 0.3578125000000001 0.5328125
37 0.2953125000000001 0.5015625 0.2656250000000001 0.5015625 0.2656250000000001 0.5609375 0.2953125000000001 0.5609375
1 0.14062500000000006 0.23125 0.09531250000000002 0.23125 0.09531250000000004 0.296875 0.14062500000000006 0.296875
12 0.06718750000000002 0.13125 0.03750000000000001 0.13125 0.03750000000000002 0.2046875 0.06718750000000002 0.2046875
29 0.03125000000000005 0.403125 0.01093750000000005 0.403125 0.010937500000000055 0.465625 0.031250000000000056 0.465625
15 0.060937500000000054 0.4296875 0.03281250000000006 0.4296875 0.03281250000000006 0.4859375 0.06093750000000007 0.4859375
28 0.057812500000000065 0.5171875 0.029687500000000068 0.5171875 0.029687500000000068 0.5734375 0.057812500000000065 0.5734375
11 0.009375000000000059 0.446875 5.472640383689735e-17 0.446875 5.826639849068266e-17 0.5046875 0.00937500000000006 0.5046875
10 0.15468750000000006 0.5421875 0.12343750000000005 0.5421875 0.12343750000000006 0.6171875 0.1546875000000001 0.6171875