33 0.7234375 0.38750000000000007 0.6625 0.38750000000000007 0.6625 0.4140625 0.7234375 0.4140625
5 0.746875 0.3531250000000001 0.6921875 0.3531250000000001 0.6921875 0.3750000000000001 0.746875 0.3750000000000001
0 0.7546875 0.4468750000000001 0.6984375 0.446875 0.6984375 0.4671875000000001 0.7546875 0.4671875000000002
32 0.7765625 0.4171875000000001 0.725 0.4171875 0.725 0.4453125000000001 0.7765625 0.44531250000000017
24 0.7734375 0.5437500000000001 0.7234375 0.54375 0.7234375 0.565625 0.7734375 0.5656250000000002
30 0.796875 0.5046875000000002 0.7484375 0.5046875000000002 0.7484375 0.5265625000000002 0.796875 0.5265625000000002
26 0.784375 0.6171875000000002 0.7421875 0.6171875000000002 0.7421875 0.6375000000000002 0.784375 0.6375000000000002
9 0.8 0.5656250000000002 0.75625 0.5656250000000002 0.75625 0.5843750000000002 0.8 0.5843750000000002
34 0.6234375 0.509375 0.5484375 0.509375 0.5484375 0.5453125 0.6234375 0.5453125
38 0.5765625 0.559375 0.4984375 0.559375 0.4984375 0.596875 0.5765625 0.596875
7 0.546875 0.6453125 0.4640625 0.6453125 0.4640625 0.6796875 0.546875 0.6796875
13 0.628125 0.65 0.55625 0.65 0.55625 0.675 0.628125 0.675
37 0.5890625 0.7203125 0.5296875 0.7203125 0.5296875000000001 0.75 0.5890625000000002 0.75
6 0.7015625 0.696875 0.64375 0.696875 0.64375 0.721875 0.7015625 0.721875
8 0.6656250000000001 0.75 0.6187500000000001 0.75 0.6187500000000001 0.778125 0.6656250000000001 0.778125
21 0.6296875000000002 0.7984375 0.5796875000000001 0.7984375 0.5796875000000001 0.8234375 0.6296875000000002 0.8234375
16 0.7140625000000002 0.74375 0.6671875000000002 0.74375 0.6671875000000002 0.765625 0.7140625000000002 0.765625
17 0.7000000000000002 0.7859375 0.6500000000000001 0.7859375 0.6500000000000001 0.8078125 0.7000000000000002 0.8078125
14 0.6750000000000002 0.8234375 0.6234375000000002 0.8234375 0.6234375000000002 0.8421875 0.6750000000000002 0.8421875
15 0.2671875000000001 0.8015625 0.15000000000000008 0.8015625 0.15000000000000008 0.8484375 0.2671875000000001 0.8484375
3 0.10156250000000011 0.8875 0.006250000000000108 0.8875 0.006250000000000111 0.9375 0.10156250000000014 0.9375
1 0.33281250000000007 0.8609375 0.2531250000000001 0.8609375 0.2531250000000001 0.9015625 0.33281250000000007 0.9015625
12 0.22656250000000008 0.9296875 0.16093750000000012 0.9296875 0.16093750000000012 0.9703125 0.22656250000000008 0.9703125
35 0.3859375000000001 0.9671875 0.3265625000000001 0.9671875 0.3265625000000001 0.996875 0.3859375000000001 0.996875
10 0.4078125000000002 0.896875 0.3390625000000001 0.896875 0.3390625000000001 0.9265625 0.4078125000000002 0.9265625
36 0.5265625000000002 0.928125 0.47656250000000017 0.928125 0.47656250000000017 0.9515625 0.5265625000000002 0.9515625
29 0.47187500000000016 0.96875 0.4187500000000002 0.96875 0.4187500000000002 0.9984375 0.47187500000000016 0.9984375