5 0.6375 0.2484375000000001 0.6109375 0.2484375000000001 0.6109375 0.3078125000000001 0.6375 0.3078125000000001
33 0.6125 0.2718750000000001 0.590625 0.2718750000000001 0.590625 0.3531250000000001 0.6125 0.3531250000000001
32 0.5859375 0.2328125000000001 0.5609375 0.2328125000000001 0.5609375 0.2890625000000001 0.5859375 0.2890625000000001
0 0.5578125 0.24218750000000008 0.53125 0.24218750000000008 0.53125 0.30156250000000007 0.5578125 0.30156250000000007
30 0.4984375 0.20312500000000008 0.4734375 0.20312500000000008 0.4734375 0.2609375000000001 0.4984375 0.2609375000000001
24 0.4625 0.2218750000000001 0.4359375 0.2218750000000001 0.4359375 0.2765625000000001 0.4625 0.2765625000000001
9 0.4234375 0.19843750000000004 0.4015625 0.19843750000000004 0.4015625 0.2390625000000001 0.4234375 0.2390625000000001
26 0.3984375 0.2062500000000001 0.36875 0.2062500000000001 0.36875 0.2562500000000001 0.3984375 0.2562500000000001
34 0.4984375 0.37968750000000007 0.459375 0.37968750000000007 0.459375 0.4640625 0.4984375 0.4640625
38 0.44375 0.4171875 0.4046875 0.4171875 0.4046875 0.5046875 0.44375 0.5046875
7 0.3890625000000001 0.48125 0.3453125000000001 0.48125 0.3453125000000001 0.5703125 0.3890625000000001 0.5703125
13 0.3546875000000001 0.378125 0.3234375000000001 0.378125 0.3234375000000001 0.4359375 0.3546875000000001 0.4359375
37 0.2921875000000001 0.415625 0.2484375000000001 0.415625 0.2484375000000001 0.4953125 0.2921875000000001 0.4953125
6 0.3 0.2953125 0.2703125 0.2953125 0.2703125 0.3578125 0.3 0.3578125
8 0.25781250000000006 0.33125 0.225 0.33125 0.22500000000000003 0.3859375 0.2578125000000001 0.3859375
21 0.21093750000000008 0.3640625 0.18593750000000003 0.3640625 0.18593750000000003 0.4296875 0.21093750000000008 0.4296875
14 0.17656250000000004 0.321875 0.14843750000000006 0.321875 0.14843750000000006 0.375 0.17656250000000004 0.375
17 0.2171875 0.3 0.19218750000000004 0.3 0.19218750000000004 0.353125 0.2171875 0.353125
16 0.265625 0.26875 0.2421875 0.26875 0.2421875 0.3203125 0.265625 0.3203125
15 0.20312500000000008 0.7375 0.13281250000000008 0.7375 0.13281250000000008 0.871875 0.20312500000000008 0.871875
12 0.0781250000000001 0.7546875 0.023437500000000094 0.7546875 0.0234375000000001 0.85 0.07812500000000011 0.85
1 0.1468750000000001 0.671875 0.10468750000000009 0.671875 0.10468750000000009 0.7578125 0.1468750000000001 0.7578125
10 0.10312500000000009 0.553125 0.06718750000000007 0.553125 0.06718750000000007 0.63125 0.10312500000000009 0.63125
10 0.03593750000000008 0.6046875 0.0015625000000000742 0.6046875 0.0015625000000000799 0.6953125 0.03593750000000009 0.6953125
36 0.07812500000000007 0.465625 0.046875000000000056 0.465625 0.04687500000000006 0.5265625 0.07812500000000007 0.5265625
29 0.025000000000000067 0.5046875 6.180639314446799e-17 0.5046875 6.620746757890379e-17 0.5765625 0.025000000000000067 0.5765625