32 0.5875 0.22812500000000008 0.559375 0.22812500000000008 0.559375 0.27812500000000007 0.5875 0.27812500000000007
33 0.565625 0.2390625000000001 0.5453125 0.2390625000000001 0.5453125 0.2906250000000001 0.565625 0.2906250000000001
30 0.4984375 0.19843750000000004 0.4796875 0.19843750000000004 0.4796875 0.24375000000000008 0.4984375 0.24375000000000008
34 0.5 0.40625 0.4671875 0.40625 0.4671875 0.48125 0.5 0.48125
7 0.3515625000000001 0.46875 0.3187500000000001 0.46875 0.3187500000000001 0.5390625 0.3515625000000001 0.5390625
37 0.3046875000000001 0.4328125 0.27812500000000007 0.4328125 0.27812500000000007 0.5046875 0.3046875000000001 0.5046875
1 0.1390625000000001 0.675 0.09531250000000009 0.675 0.09531250000000009 0.778125 0.1390625000000001 0.778125
12 0.0765625000000001 0.7296875 0.042187500000000086 0.7296875 0.04218750000000009 0.81875 0.07656250000000012 0.81875
15 0.06875000000000006 0.4875 0.04375000000000005 0.4875 0.04375000000000006 0.55625 0.06875000000000006 0.55625
29 0.043750000000000074 0.5171875 0.01718750000000006 0.5171875 0.017187500000000067 0.596875 0.04375000000000008 0.596875
28 0.054687500000000056 0.43125 0.03593750000000005 0.43125 0.03593750000000005 0.48125 0.05468750000000007 0.48125
10 0.09062500000000005 0.440625 0.06718750000000004 0.440625 0.06718750000000005 0.49375 0.09062500000000007 0.49375
11 0.04218750000000006 0.4875 0.025000000000000057 0.4875 0.02500000000000006 0.5265625 0.042187500000000065 0.5265625
20 0.11406250000000004 0.371875 0.08593750000000004 0.371875 0.08593750000000004 0.4453125 0.11406250000000004 0.4453125