5 0.3078125000000001 0.6109375 0.2484375000000001 0.6109375 0.2484375000000001 0.6375 0.3078125000000001 0.6375
33 0.3531250000000001 0.590625 0.2718750000000001 0.590625 0.2718750000000001 0.6125 0.3531250000000001 0.6125
32 0.2890625000000001 0.5609375 0.2328125000000001 0.5609375 0.2328125000000001 0.5859375 0.2890625000000001 0.5859375
0 0.30156250000000007 0.53125 0.24218750000000008 0.53125 0.24218750000000008 0.559375 0.30156250000000007 0.559375
30 0.26250000000000007 0.4734375 0.20312500000000008 0.4734375 0.20312500000000008 0.4984375 0.26250000000000007 0.4984375
24 0.27812500000000007 0.4359375 0.2218750000000001 0.4359375 0.2218750000000001 0.4625 0.27812500000000007 0.4625
9 0.2390625000000001 0.4015625 0.19843750000000004 0.4015625 0.19843750000000004 0.4234375 0.2390625000000001 0.4234375
26 0.2562500000000001 0.36875 0.2062500000000001 0.36875 0.2062500000000001 0.4 0.2562500000000001 0.4
34 0.4640625 0.4609375 0.37968750000000007 0.4609375 0.37968750000000007 0.4984375 0.4640625 0.4984375
38 0.5046875 0.4046875 0.4171875 0.4046875 0.4171875 0.4453125 0.5046875 0.4453125
7 0.5703125 0.3453125000000001 0.48125 0.3453125000000001 0.48125 0.3890625000000001 0.5703125 0.3890625000000001
13 0.4359375 0.3234375000000001 0.3796875 0.3234375000000001 0.3796875 0.3546875000000001 0.4359375 0.3546875000000001
37 0.4953125 0.2484375000000001 0.415625 0.2484375000000001 0.415625 0.2921875000000001 0.4953125 0.2921875000000001
6 0.3578125 0.2703125 0.2953125 0.2703125 0.2953125 0.3015625 0.3578125 0.3015625
8 0.3875 0.22500000000000003 0.33125 0.225 0.33125 0.259375 0.3875 0.2593750000000001
21 0.4296875 0.18593750000000003 0.3640625 0.18593750000000003 0.3640625 0.21093750000000008 0.4296875 0.21093750000000008
14 0.375 0.14843750000000006 0.321875 0.14843750000000006 0.321875 0.17656250000000004 0.375 0.17656250000000004
17 0.353125 0.19218750000000004 0.3 0.19218750000000004 0.3 0.2171875 0.353125 0.2171875
16 0.3203125 0.24375 0.26875 0.24375 0.26875 0.265625 0.3203125 0.265625
15 0.871875 0.13281250000000008 0.7375 0.13281250000000008 0.7375 0.20312500000000008 0.871875 0.20312500000000008
12 0.85 0.025000000000000095 0.7546875 0.025000000000000088 0.7546875 0.0781250000000001 0.85 0.07812500000000011
1 0.7578125 0.10468750000000009 0.6734375 0.10468750000000009 0.6734375 0.14843750000000008 0.7578125 0.14843750000000008
10 0.63125 0.06875000000000006 0.553125 0.06875000000000006 0.553125 0.10312500000000009 0.63125 0.10312500000000009
10 0.6953125 0.0015625000000000799 0.6046875 0.0015625000000000742 0.6046875 0.03593750000000008 0.6953125 0.03593750000000009
36 0.5265625 0.04687500000000006 0.4671875 0.046875000000000056 0.4671875 0.07812500000000007 0.5265625 0.07812500000000007
29 0.5765625 6.620746757890379e-17 0.5046875 6.180639314446799e-17 0.5046875 0.025000000000000067 0.5765625 0.025000000000000067