5 0.3765625000000001 0.678125 0.34843750000000007 0.678125 0.34843750000000007 0.753125 0.3765625000000001 0.753125
33 0.4140625000000001 0.6546875 0.3828125000000001 0.6546875 0.3828125000000001 0.728125 0.41406250000000017 0.728125
32 0.4390625000000002 0.728125 0.41718750000000016 0.728125 0.41718750000000016 0.778125 0.4390625000000002 0.778125
0 0.48125000000000007 0.6953125 0.45625 0.6953125 0.4562500000000001 0.7609375 0.4812500000000002 0.7609375
30 0.5250000000000001 0.7453125 0.4984375000000002 0.7453125 0.4984375000000002 0.803125 0.5250000000000001 0.803125
24 0.5625000000000001 0.725 0.5390625 0.725 0.5390625000000001 0.78125 0.5625000000000002 0.78125
9 0.6015625000000002 0.7578125 0.5796875000000001 0.7578125 0.5796875000000001 0.8015625 0.6015625000000002 0.8015625
26 0.6359375000000002 0.746875 0.6109375000000001 0.746875 0.6109375000000001 0.79375 0.6359375000000002 0.79375
34 0.55 0.55 0.50625 0.55 0.50625 0.628125 0.55 0.628125
38 0.609375 0.478125 0.5578125 0.478125 0.5578125 0.5984375 0.609375 0.5984375
7 0.6890625 0.459375 0.6359375 0.459375 0.6359375 0.54375 0.6890625 0.54375
37 0.7421875 0.5156250000000001 0.7015625 0.515625 0.7015625 0.5937500000000001 0.7421875 0.5937500000000002
13 0.684375 0.5640625 0.6390625 0.5640625 0.6390625 0.6296875 0.684375 0.6296875
6 0.70625 0.63125 0.671875 0.63125 0.671875 0.696875 0.70625 0.696875
21 0.8234375 0.5671875000000002 0.7828125 0.5671875000000002 0.7828125 0.6234375000000002 0.8234375 0.6234375000000002
8 0.7796875 0.6062500000000002 0.7453125 0.6062500000000002 0.7453125 0.6609375000000002 0.7796875 0.6609375000000002
14 0.8390625 0.6234375000000002 0.809375 0.6234375000000002 0.809375 0.6671875000000002 0.8390625 0.6671875000000002
17 0.8046875 0.6531250000000002 0.7734375 0.6531250000000002 0.7734375 0.7000000000000002 0.8046875 0.7000000000000002
16 0.7765625 0.6671875000000002 0.7453125 0.6671875000000002 0.7453125 0.7125000000000001 0.7765625 0.7125000000000001
1 0.9171875 0.2765625000000001 0.8765625 0.2765625000000001 0.8765625 0.3671875000000001 0.9171875 0.3671875000000001
35 0.9859375 0.3156250000000001 0.9453125 0.3156250000000001 0.9453125 0.3937500000000001 0.9859375 0.3937500000000001
10 0.95 0.3546875000000001 0.9 0.3546875000000001 0.9 0.42968750000000017 0.95 0.42968750000000017
29 1 0.4156250000000002 0.9640625 0.4156250000000002 0.9640625 0.4781250000000002 1 0.4781250000000002
36 0.9484375 0.46875000000000017 0.9203125 0.46875000000000017 0.9203125 0.5359375000000002 0.9484375 0.5359375000000002