33 0.7203125 0.3890625000000001 0.659375 0.3890625000000001 0.659375 0.415625 0.7203125 0.415625
5 0.746875 0.35625000000000007 0.6921875 0.35625000000000007 0.6921875 0.3812500000000001 0.746875 0.3812500000000001
0 0.740625 0.4453125000000001 0.690625 0.4453125 0.690625 0.4671875000000001 0.740625 0.4671875000000002
32 0.7703125 0.4203125000000001 0.7171875 0.4203125 0.7171875 0.4453125000000001 0.7703125 0.44531250000000017
24 0.7765625 0.5406250000000001 0.7296875 0.5406250000000001 0.7296875 0.5625000000000002 0.7765625 0.5625000000000002
30 0.8 0.5062500000000002 0.753125 0.5062500000000002 0.753125 0.5281250000000002 0.8 0.5281250000000002
9 0.803125 0.5828125000000002 0.7625 0.5828125000000002 0.7625 0.6000000000000002 0.803125 0.6000000000000002
26 0.7859375 0.6187500000000001 0.74375 0.6187500000000001 0.74375 0.6406250000000002 0.7859375 0.6406250000000002
34 0.6125 0.50625 0.54375 0.50625 0.54375 0.540625 0.6125 0.540625
38 0.5765625 0.5625 0.5015625 0.5625 0.5015625 0.603125 0.5765625 0.603125
7 0.5234375 0.6140625 0.4453125 0.6140625 0.4453125 0.6515625 0.5234375 0.6515625
13 0.6078125 0.65 0.5484375 0.65 0.5484375 0.675 0.6078125 0.675
37 0.5781250000000002 0.7390625 0.5187500000000002 0.7390625 0.5187500000000002 0.7734375 0.5781250000000002 0.7734375
6 0.7031250000000001 0.703125 0.646875 0.703125 0.6468750000000001 0.728125 0.7031250000000002 0.728125
8 0.6656250000000001 0.746875 0.6187500000000001 0.746875 0.6187500000000001 0.7703125 0.6656250000000001 0.7703125
21 0.6375000000000002 0.790625 0.5796875000000001 0.790625 0.5796875000000001 0.815625 0.6375000000000002 0.815625
16 0.7156250000000002 0.74375 0.6656250000000001 0.74375 0.6656250000000001 0.765625 0.7156250000000002 0.765625
17 0.7031250000000002 0.784375 0.6531250000000002 0.784375 0.6531250000000002 0.80625 0.7031250000000002 0.80625
14 0.6734375000000001 0.8234375 0.6203125000000002 0.8234375 0.6203125000000002 0.8421875 0.6734375000000001 0.8421875
15 0.22031250000000008 0.7671875 0.10156250000000008 0.7671875 0.10156250000000008 0.821875 0.22031250000000008 0.821875
3 0.08593750000000011 0.8796875 0.0015625000000001076 0.8796875 0.0015625000000001111 0.934375 0.08593750000000011 0.934375
1 0.3390625000000001 0.8625 0.2484375000000001 0.8625 0.2484375000000001 0.9125 0.3390625000000001 0.9125
12 0.2156250000000001 0.925 0.13125000000000014 0.925 0.13125000000000014 0.96875 0.2156250000000001 0.96875
10 0.42968750000000017 0.903125 0.3546875000000001 0.903125 0.3546875000000001 0.9375 0.42968750000000017 0.9375
35 0.3890625000000001 0.9515625 0.3140625000000001 0.9515625 0.3140625000000001 0.9875 0.3890625000000001 0.9875
36 0.5312500000000002 0.928125 0.4750000000000002 0.928125 0.4750000000000002 0.95 0.5312500000000002 0.95
29 0.47187500000000016 0.9640625 0.4125000000000002 0.9640625 0.4125000000000002 0.99375 0.47187500000000016 0.99375