5 0.76875 0.27812500000000007 0.715625 0.27812500000000007 0.715625 0.3703125000000001 0.76875 0.3703125000000001
9 0.5609375 0.21093750000000008 0.5203125 0.21093750000000008 0.5203125 0.2921875000000001 0.5609375 0.2921875000000001
30 0.5015625 0.18593750000000003 0.4625 0.18593750000000003 0.4625 0.2531250000000001 0.5015625 0.2531250000000001
32 0.5859375 0.22656250000000008 0.5671875 0.22656250000000008 0.5671875 0.3031250000000001 0.5859375 0.3031250000000001
34 0.484375 0.4015625 0.4484375 0.4015625 0.4484375 0.490625 0.484375 0.490625
7 0.3546875000000001 0.45625 0.3109375000000001 0.45625 0.3109375000000001 0.55 0.3546875000000001 0.55
37 0.2968750000000001 0.4203125 0.2656250000000001 0.4203125 0.2656250000000001 0.50625 0.2968750000000001 0.50625
20 0.15625000000000006 0.334375 0.11562500000000005 0.334375 0.11562500000000005 0.4125 0.15625000000000006 0.4125
1 0.1140625000000001 0.6546875 0.05937500000000009 0.6546875 0.05937500000000009 0.78125 0.1140625000000001 0.78125
12 0.0828125000000001 0.7703125 0.034375000000000086 0.7703125 0.0343750000000001 0.8765625 0.08281250000000011 0.8765625
29 0.03906250000000007 0.509375 0.0031250000000000626 0.509375 0.0031250000000000674 0.59375 0.039062500000000076 0.59375
28 0.054687500000000056 0.4265625 0.02187500000000005 0.4265625 0.021875000000000054 0.4875 0.05468750000000007 0.4875
15 0.06093750000000007 0.4921875 0.03593750000000005 0.4921875 0.03593750000000006 0.5625 0.06093750000000007 0.5625