33 0.4125 0.27812500000000007 0.3828125 0.27812500000000007 0.3828125 0.3437500000000001 0.4125 0.3437500000000001
5 0.3796875 0.24843750000000003 0.3546875 0.2484375 0.3546875 0.31093750000000003 0.3796875 0.3109375000000001
0 0.478125 0.2453125000000001 0.44375 0.2453125000000001 0.44375 0.3062500000000001 0.478125 0.3062500000000001
32 0.446875 0.22656250000000008 0.4171875 0.22656250000000008 0.4171875 0.2843750000000001 0.446875 0.2843750000000001
24 0.5671875 0.2171875000000001 0.5421875 0.2171875000000001 0.5421875 0.2765625000000001 0.5671875 0.2765625000000001
30 0.5265625 0.19843750000000004 0.5046875 0.19843750000000004 0.5046875 0.2578125000000001 0.5265625 0.2578125000000001
34 0.5390625 0.3750000000000001 0.5078125 0.3750000000000001 0.5078125 0.45 0.5390625 0.45
38 0.61875 0.425 0.5640625 0.425 0.5640625 0.5125 0.61875 0.5125
7 0.6875 0.453125 0.640625 0.453125 0.640625 0.540625 0.6875 0.540625
37 0.7390625 0.4078125000000001 0.7078125 0.4078125 0.7078125 0.48906250000000007 0.7390625 0.4890625000000002
13 0.684375 0.3750000000000001 0.646875 0.3750000000000001 0.646875 0.4421875 0.684375 0.4421875
6 0.71875 0.2921875000000001 0.68125 0.2921875000000001 0.68125 0.3687500000000001 0.71875 0.3687500000000001
21 0.809375 0.3765625000000001 0.7875 0.3765625000000001 0.7875 0.44062500000000016 0.809375 0.44062500000000016
8 0.7734375 0.3437500000000001 0.7453125 0.3437500000000001 0.7453125 0.3921875000000001 0.7734375 0.3921875000000001
14 0.8515625 0.3281250000000001 0.8203125 0.3281250000000001 0.8203125 0.3812500000000001 0.8515625 0.3812500000000001
17 0.803125 0.3031250000000001 0.771875 0.3031250000000001 0.771875 0.35625000000000007 0.803125 0.35625000000000007
16 0.7796875 0.2875000000000001 0.7546875 0.2875000000000001 0.7546875 0.3375000000000001 0.7796875 0.3375000000000001
1 0.9203125 0.6250000000000002 0.8734375 0.6250000000000002 0.8734375 0.7140625000000002 0.9203125 0.7140625000000002
35 0.9984375 0.6031250000000001 0.959375 0.6031250000000001 0.959375 0.6875000000000002 0.9984375 0.6875000000000002
10 0.9484375 0.5578125000000002 0.8953125 0.5578125000000002 0.8953125 0.6203125000000002 0.9484375 0.6203125000000002
29 0.99375 0.5093750000000001 0.965625 0.5093750000000001 0.965625 0.5812500000000002 0.99375 0.5812500000000002
36 0.95625 0.4703125000000002 0.9234375 0.4703125000000002 0.9234375 0.5265625000000002 0.95625 0.5265625000000002
15 0.8625 0.8671875 0.7984375000000001 0.8671875 0.7984375000000001 0.9953125 0.8625 0.9953125