33 0.6125 0.27812500000000007 0.5859375 0.27812500000000007 0.5859375 0.3390625000000001 0.6125 0.3390625000000001
5 0.646875 0.2531250000000001 0.625 0.2531250000000001 0.625 0.3078125000000001 0.646875 0.3078125000000001
0 0.553125 0.2453125000000001 0.5328125 0.2453125000000001 0.5328125 0.30156250000000007 0.553125 0.30156250000000007
32 0.5828125 0.2250000000000001 0.5546875 0.2250000000000001 0.5546875 0.2765625000000001 0.5828125 0.2765625000000001
24 0.45625 0.22812500000000008 0.434375 0.22812500000000008 0.434375 0.27812500000000007 0.45625 0.27812500000000007
30 0.496875 0.20468750000000008 0.475 0.20468750000000008 0.475 0.2531250000000001 0.496875 0.2531250000000001
26 0.3828125 0.21562500000000004 0.3625 0.215625 0.3625 0.25781250000000006 0.3828125 0.2578125000000001
9 0.434375 0.2015625000000001 0.415625 0.2015625000000001 0.415625 0.2453125000000001 0.434375 0.2453125000000001
34 0.490625 0.3765625000000001 0.4546875 0.3765625000000001 0.4546875 0.4515625 0.490625 0.4515625
38 0.4421875 0.425 0.4046875 0.425 0.4046875 0.503125 0.4421875 0.503125
7 0.35625000000000007 0.4546875 0.3218750000000001 0.4546875 0.3218750000000001 0.5375 0.35625000000000007 0.5375
13 0.3500000000000001 0.3734375 0.32500000000000007 0.3734375 0.32500000000000007 0.4453125 0.3500000000000001 0.4453125
37 0.2796875000000001 0.4125 0.2500000000000001 0.4125 0.2500000000000001 0.471875 0.2796875000000001 0.471875
6 0.3046875 0.3 0.278125 0.3 0.278125 0.3578125 0.3046875 0.3578125
8 0.2515625 0.3359375 0.2234375 0.3359375 0.22343750000000004 0.3828125 0.2515625000000001 0.3828125
21 0.20312500000000008 0.371875 0.17656250000000004 0.371875 0.17656250000000004 0.421875 0.20312500000000008 0.421875
16 0.2578125 0.2875 0.2359375 0.2875 0.2359375 0.334375 0.2578125 0.334375
17 0.215625 0.3015625 0.19375000000000003 0.3015625 0.19375000000000003 0.3515625 0.215625 0.3515625
14 0.17656250000000004 0.325 0.15781250000000005 0.325 0.15781250000000005 0.3765625 0.17656250000000004 0.3765625
15 0.1984375000000001 0.734375 0.1515625000000001 0.734375 0.1515625000000001 0.8515625 0.1984375000000001 0.8515625
3 0.11250000000000011 0.8984375 0.06250000000000011 0.8984375 0.06250000000000011 0.99375 0.11250000000000013 0.99375
1 0.1390625000000001 0.66875 0.0984375000000001 0.66875 0.0984375000000001 0.7484375 0.1390625000000001 0.7484375
12 0.0718750000000001 0.7734375 0.0296875000000001 0.7734375 0.0296875000000001 0.8390625 0.0718750000000001 0.8390625
35 0.03437500000000008 0.615625 0.004687500000000075 0.615625 0.004687500000000079 0.675 0.03437500000000008 0.675
10 0.10468750000000009 0.59375 0.07500000000000007 0.59375 0.07500000000000008 0.6625 0.10468750000000009 0.6625
36 0.07187500000000006 0.4734375 0.04843750000000006 0.4734375 0.048437500000000064 0.5234375 0.07187500000000006 0.5234375
29 0.032812500000000064 0.5296875 0.0031250000000000652 0.5296875 0.003125000000000068 0.5828125 0.032812500000000064 0.5828125