32 0.76875 0.5718750000000001 0.70625 0.571875 0.70625 0.6000000000000001 0.76875 0.6000000000000002
0 0.8109375 0.5390625000000002 0.7484375 0.5390625000000002 0.7484375 0.5671875000000002 0.8109375 0.5671875000000002
30 0.7984375 0.44531250000000017 0.7546875 0.44531250000000017 0.7546875 0.4703125000000002 0.7984375 0.4703125000000002
34 0.621875 0.4578125 0.5484375 0.4578125 0.5484375 0.490625 0.621875 0.490625
7 0.54375 0.3109375000000001 0.46875 0.3109375000000001 0.46875 0.3609375000000001 0.54375 0.3609375000000001
37 0.5765625 0.2609375000000001 0.4984375 0.2609375000000001 0.4984375 0.2984375000000001 0.5765625 0.2984375000000001
1 0.328125 0.09218750000000003 0.2171875 0.09218750000000002 0.2171875 0.14218750000000005 0.328125 0.14218750000000005
10 0.475 0.06250000000000006 0.3984375 0.06250000000000004 0.3984375 0.10000000000000005 0.475 0.10000000000000005
12 0.271875 0.0046875000000000284 0.1875 0.004687500000000023 0.1875 0.045312500000000026 0.271875 0.04531250000000003
29 0.4765625 0.007812500000000054 0.3984375 0.00781250000000005 0.3984375 0.04218750000000005 0.4765625 0.04218750000000006
15 0.6703125 0.09218750000000007 0.5953125 0.09218750000000006 0.5953125 0.12031250000000009 0.6703125 0.12031250000000009
28 0.5765625 0.028125000000000067 0.5140625 0.028125000000000067 0.5140625 0.05468750000000007 0.5765625 0.05468750000000007