5 0.6453125 0.2578125000000001 0.621875 0.2578125000000001 0.621875 0.3031250000000001 0.6453125 0.3031250000000001
33 0.6125 0.2890625000000001 0.5890625 0.2890625000000001 0.5890625 0.3390625000000001 0.6125 0.3390625000000001
32 0.5828125 0.23437500000000008 0.5640625 0.23437500000000008 0.5640625 0.2750000000000001 0.5828125 0.2750000000000001
0 0.5515625 0.2562500000000001 0.53125 0.2562500000000001 0.53125 0.3062500000000001 0.5515625 0.3062500000000001
30 0.503125 0.2078125000000001 0.478125 0.2078125000000001 0.478125 0.2562500000000001 0.503125 0.2562500000000001
24 0.4578125 0.23593750000000008 0.434375 0.23593750000000008 0.434375 0.2906250000000001 0.4578125 0.2906250000000001
9 0.421875 0.19687500000000005 0.4046875 0.19687500000000005 0.4046875 0.23593750000000008 0.421875 0.23593750000000008
26 0.39375 0.21250000000000008 0.36875 0.21250000000000008 0.36875 0.2593750000000001 0.39375 0.2593750000000001
34 0.490625 0.3843750000000001 0.4578125 0.3843750000000001 0.4578125 0.4484375 0.490625 0.4484375
38 0.4375 0.4328125 0.4015625 0.4328125 0.4015625 0.509375 0.4375 0.509375
7 0.3531250000000001 0.4640625 0.3187500000000001 0.4640625 0.3187500000000001 0.528125 0.3531250000000001 0.528125
37 0.2906250000000001 0.41875 0.2640625000000001 0.41875 0.2640625000000001 0.478125 0.2906250000000001 0.478125
13 0.3531250000000001 0.3921875 0.33281250000000007 0.3921875 0.33281250000000007 0.440625 0.3531250000000001 0.440625
6 0.31875 0.3078125 0.29375 0.3078125 0.29375 0.3546875 0.31875 0.3546875
8 0.25000000000000006 0.34375 0.2234375 0.34375 0.22343750000000004 0.3859375 0.2500000000000001 0.3859375
21 0.21093750000000008 0.3953125 0.18906250000000005 0.3953125 0.18906250000000005 0.4375 0.21093750000000008 0.4375
16 0.2515625 0.3 0.2296875 0.3 0.2296875 0.334375 0.2515625 0.334375
17 0.2203125 0.3 0.19843750000000004 0.3 0.19843750000000004 0.35 0.2203125 0.35
14 0.17656250000000004 0.3296875 0.15625000000000006 0.3296875 0.15625000000000006 0.384375 0.17656250000000004 0.384375
1 0.1218750000000001 0.63125 0.08125000000000007 0.63125 0.08125000000000007 0.7015625 0.1218750000000001 0.7015625
12 0.0765625000000001 0.790625 0.0421875000000001 0.790625 0.0421875000000001 0.85625 0.07656250000000012 0.85625
15 0.2156250000000001 0.9015625 0.1625000000000001 0.9015625 0.16250000000000012 0.984375 0.2156250000000001 0.984375
35 0.04062500000000008 0.6375 0.012500000000000077 0.6375 0.01250000000000008 0.678125 0.04062500000000008 0.678125
10 0.10156250000000008 0.584375 0.07187500000000006 0.584375 0.07187500000000006 0.6234375 0.10156250000000008 0.6234375
29 0.03125000000000007 0.5234375 0.003125000000000064 0.5234375 0.0031250000000000665 0.5703125 0.03125000000000007 0.5703125
36 0.07656250000000006 0.48125 0.05468750000000007 0.48125 0.05468750000000007 0.53125 0.07656250000000006 0.53125
28 0.05156250000000005 0.4453125 0.037500000000000054 0.4453125 0.037500000000000054 0.4890625 0.05156250000000007 0.4890625