33 0.70625 0.3609375000000001 0.646875 0.3609375000000001 0.646875 0.3828125000000001 0.70625 0.3828125000000001
0 0.7625 0.4484375000000001 0.69375 0.4484375 0.69375 0.4703125000000001 0.7625 0.4703125000000002
32 0.7703125 0.4125000000000001 0.715625 0.4125 0.715625 0.4406250000000001 0.7703125 0.44062500000000016
26 0.79375 0.6109375000000001 0.7265625 0.6109375000000001 0.7265625 0.6421875000000001 0.79375 0.6421875000000001
9 0.8125 0.5750000000000002 0.7515625 0.5750000000000002 0.7515625 0.5906250000000002 0.8125 0.5906250000000002
30 0.79375 0.5218750000000002 0.75 0.5218750000000002 0.75 0.5390625000000002 0.79375 0.5390625000000002
24 0.7406250000000002 0.7406250000000001 0.6546875000000002 0.740625 0.6546875000000002 0.7781250000000001 0.7406250000000002 0.7781250000000002
37 0.5875000000000001 0.709375 0.525 0.709375 0.5250000000000001 0.746875 0.5875000000000001 0.746875
13 0.6171875 0.6671875 0.5578125 0.6671875 0.5578125 0.6921875 0.6171875 0.6921875
35 0.6765625 0.60625 0.6109375 0.60625 0.6109375 0.6375 0.6765625 0.6375
7 0.534375 0.63125 0.471875 0.63125 0.471875 0.65625 0.534375 0.65625
34 0.6015625 0.5015625 0.50625 0.5015625 0.50625 0.5390625 0.6015625 0.5390625
15 0.1906250000000001 0.8203125 0.08125000000000011 0.8203125 0.08125000000000011 0.8796875 0.1906250000000001 0.8796875
12 0.2406250000000001 0.928125 0.13593750000000013 0.928125 0.13593750000000013 0.9765625 0.2406250000000001 0.9765625
1 0.3031250000000001 0.85625 0.22812500000000008 0.85625 0.22812500000000008 0.903125 0.3031250000000001 0.903125
10 0.47187500000000016 0.9015625 0.3843750000000001 0.9015625 0.3843750000000001 0.9359375 0.47187500000000016 0.9359375
29 0.4859375000000002 0.971875 0.4203125000000002 0.971875 0.4203125000000002 0.9984375 0.4859375000000002 0.9984375
28 0.5906250000000002 0.9296875 0.5125000000000002 0.9296875 0.5125000000000002 0.9640625 0.5906250000000002 0.9640625