33 0.6125 0.2812500000000001 0.5859375 0.2812500000000001 0.5859375 0.3421875000000001 0.6125 0.3421875000000001
5 0.64375 0.25468750000000007 0.61875 0.25468750000000007 0.61875 0.30937500000000007 0.64375 0.30937500000000007
0 0.55625 0.2593750000000001 0.5328125 0.2593750000000001 0.5328125 0.3109375000000001 0.55625 0.3109375000000001
32 0.58125 0.2296875000000001 0.5546875 0.2296875000000001 0.5546875 0.2828125000000001 0.58125 0.2828125000000001
24 0.459375 0.2234375000000001 0.4375 0.2234375000000001 0.4375 0.27031250000000007 0.459375 0.27031250000000007
30 0.4953125 0.2000000000000001 0.4734375 0.2000000000000001 0.4734375 0.2468750000000001 0.4953125 0.2468750000000001
9 0.4171875 0.19687500000000005 0.4 0.19687500000000005 0.4 0.2375000000000001 0.4171875 0.2375000000000001
26 0.38125 0.21406250000000004 0.359375 0.2140625 0.359375 0.25625000000000003 0.38125 0.2562500000000001
34 0.49375 0.3890625000000001 0.4609375 0.3890625000000001 0.4609375 0.45625 0.49375 0.45625
38 0.4375 0.4234375 0.3968750000000001 0.4234375 0.3968750000000001 0.4984375 0.4375 0.4984375
7 0.38750000000000007 0.4765625 0.34843750000000007 0.4765625 0.34843750000000007 0.5546875 0.38750000000000007 0.5546875
13 0.3500000000000001 0.3921875 0.32500000000000007 0.3921875 0.32500000000000007 0.4515625 0.3500000000000001 0.4515625
37 0.2609375000000001 0.4234375 0.22812500000000008 0.4234375 0.22812500000000008 0.48125 0.2609375000000001 0.48125
6 0.2984375 0.296875 0.271875 0.296875 0.271875 0.353125 0.2984375 0.353125
8 0.25312500000000004 0.334375 0.2296875 0.334375 0.22968750000000004 0.38125 0.2531250000000001 0.38125
21 0.2093750000000001 0.3640625 0.18593750000000003 0.3640625 0.18593750000000003 0.421875 0.2093750000000001 0.421875
16 0.25625 0.284375 0.234375 0.284375 0.234375 0.334375 0.25625 0.334375
17 0.215625 0.296875 0.19375000000000003 0.296875 0.19375000000000003 0.346875 0.215625 0.346875
14 0.17812500000000003 0.3265625 0.15781250000000005 0.3265625 0.15781250000000005 0.38125 0.17812500000000003 0.38125
15 0.2328125000000001 0.7796875 0.1781250000000001 0.7796875 0.1781250000000001 0.9 0.2328125000000001 0.9
3 0.12031250000000013 0.9140625 0.06562500000000011 0.9140625 0.06562500000000013 1 0.12031250000000013 1
1 0.1375000000000001 0.6609375 0.08906250000000009 0.6609375 0.08906250000000009 0.7515625 0.1375000000000001 0.7515625
12 0.0750000000000001 0.784375 0.0328125000000001 0.784375 0.032812500000000105 0.86875 0.07500000000000011 0.86875
10 0.09687500000000007 0.571875 0.06250000000000007 0.571875 0.06250000000000008 0.6453125 0.09687500000000009 0.6453125
35 0.048437500000000085 0.6125 0.014062500000000078 0.6125 0.01406250000000008 0.6859375 0.04843750000000009 0.6859375
36 0.07187500000000006 0.4703125 0.050000000000000065 0.4703125 0.050000000000000065 0.525 0.07187500000000006 0.525
29 0.03593750000000007 0.528125 0.007812500000000064 0.528125 0.007812500000000068 0.5875 0.03593750000000007 0.5875