33 0.615625 0.2796875000000001 0.5890625 0.2796875000000001 0.5890625 0.3421875000000001 0.615625 0.3421875000000001
5 0.6390625 0.2593750000000001 0.615625 0.2593750000000001 0.615625 0.31718750000000007 0.6390625 0.31718750000000007
0 0.5703125 0.2531250000000001 0.5421875 0.2531250000000001 0.5421875 0.3078125000000001 0.5703125 0.3078125000000001
32 0.58125 0.2328125000000001 0.55625 0.2328125000000001 0.55625 0.2828125000000001 0.58125 0.2828125000000001
24 0.45625 0.2218750000000001 0.4359375 0.2218750000000001 0.4359375 0.2718750000000001 0.45625 0.2718750000000001
30 0.475 0.19843750000000004 0.45625 0.19843750000000004 0.45625 0.2468750000000001 0.475 0.2468750000000001
9 0.4234375 0.19375000000000003 0.4046875 0.19375000000000003 0.4046875 0.2406250000000001 0.4234375 0.2406250000000001
34 0.475 0.3656250000000001 0.4390625 0.3656250000000001 0.4390625 0.4359375 0.475 0.4359375
7 0.3890625000000001 0.4921875 0.3609375000000001 0.4921875 0.3609375000000001 0.56875 0.3890625000000001 0.56875
37 0.2953125000000001 0.4125 0.2609375000000001 0.4125 0.2609375000000001 0.4796875 0.2953125000000001 0.4796875
13 0.3500000000000001 0.390625 0.3234375000000001 0.390625 0.3234375000000001 0.4484375 0.3500000000000001 0.4484375
6 0.3 0.303125 0.275 0.303125 0.275 0.3546875 0.3 0.3546875
21 0.21718750000000003 0.3609375 0.19218750000000004 0.3609375 0.19218750000000004 0.4109375 0.2171875000000001 0.4109375
8 0.2515625 0.33125 0.228125 0.33125 0.22812500000000005 0.3890625 0.2515625000000001 0.3890625
14 0.19218750000000004 0.3125 0.17187500000000006 0.3125 0.17187500000000006 0.365625 0.19218750000000004 0.365625
17 0.21875 0.296875 0.2 0.296875 0.2 0.3515625 0.21875 0.3515625
16 0.2625 0.2828125 0.2453125 0.2828125 0.2453125 0.3328125 0.2625 0.3328125
15 0.22812500000000008 0.8125 0.1625000000000001 0.8125 0.16250000000000012 0.95 0.22812500000000008 0.95
12 0.0687500000000001 0.7703125 0.02656250000000009 0.7703125 0.026562500000000093 0.859375 0.06875000000000012 0.859375
1 0.1390625000000001 0.684375 0.09375000000000008 0.684375 0.09375000000000008 0.7703125 0.1390625000000001 0.7703125
35 0.053125000000000075 0.6171875 0.017187500000000078 0.6171875 0.01718750000000008 0.690625 0.05312500000000009 0.690625
10 0.09218750000000007 0.584375 0.05312500000000007 0.584375 0.053125000000000075 0.6578125 0.09218750000000009 0.6578125
36 0.07968750000000006 0.4703125 0.050000000000000065 0.4703125 0.050000000000000065 0.5375 0.07968750000000006 0.5375
11 0.015625000000000062 0.484375 5.931882933369991e-17 0.484375 6.305017504985202e-17 0.5453125 0.015625000000000066 0.5453125
28 0.06250000000000006 0.44375 0.03593750000000005 0.44375 0.03593750000000005 0.4875 0.06250000000000007 0.4875