33 0.3421875000000001 0.5890625 0.2796875000000001 0.5890625 0.2796875000000001 0.615625 0.3421875000000001 0.615625
5 0.3187500000000001 0.615625 0.2593750000000001 0.615625 0.2593750000000001 0.6390625 0.3187500000000001 0.6390625
0 0.3078125000000001 0.5421875 0.2531250000000001 0.5421875 0.2531250000000001 0.5703125 0.3078125000000001 0.5703125
32 0.2828125000000001 0.55625 0.2328125000000001 0.55625 0.2328125000000001 0.58125 0.2828125000000001 0.58125
24 0.2718750000000001 0.4359375 0.2218750000000001 0.4359375 0.2218750000000001 0.4578125 0.2718750000000001 0.4578125
30 0.2468750000000001 0.45625 0.19843750000000004 0.45625 0.19843750000000004 0.475 0.2468750000000001 0.475
9 0.2406250000000001 0.4046875 0.19375000000000003 0.4046875 0.19375000000000003 0.4234375 0.2406250000000001 0.4234375
34 0.4359375 0.4390625 0.3671875000000001 0.4390625 0.3671875000000001 0.4765625 0.4359375 0.4765625
7 0.56875 0.3609375000000001 0.4921875 0.3609375000000001 0.4921875 0.3890625000000001 0.56875 0.3890625000000001
37 0.4796875 0.2609375000000001 0.4125 0.2609375000000001 0.4125 0.2953125000000001 0.4796875 0.2953125000000001
13 0.4484375 0.32500000000000007 0.390625 0.32500000000000007 0.390625 0.3500000000000001 0.4484375 0.3500000000000001
6 0.35625 0.275 0.303125 0.275 0.303125 0.3 0.35625 0.3
21 0.4109375 0.19218750000000004 0.3609375 0.19218750000000004 0.3609375 0.21718750000000003 0.4109375 0.2171875000000001
8 0.3890625 0.22812500000000005 0.3328125 0.228125 0.3328125 0.2515625 0.3890625 0.2515625000000001
14 0.365625 0.17343750000000005 0.3125 0.17343750000000005 0.3125 0.19218750000000004 0.365625 0.19218750000000004
17 0.353125 0.2 0.296875 0.2 0.296875 0.21875 0.353125 0.21875
16 0.3328125 0.2453125 0.2828125 0.2453125 0.2828125 0.2625 0.3328125 0.2625
15 0.95 0.16250000000000012 0.8125 0.1625000000000001 0.8125 0.22812500000000008 0.95 0.22812500000000008
12 0.859375 0.0281250000000001 0.771875 0.0281250000000001 0.771875 0.0687500000000001 0.859375 0.06875000000000012
1 0.7703125 0.09531250000000009 0.684375 0.09531250000000009 0.684375 0.1390625000000001 0.7703125 0.1390625000000001
35 0.690625 0.01875000000000008 0.61875 0.01875000000000008 0.61875 0.053125000000000075 0.690625 0.05312500000000009
10 0.6578125 0.054687500000000076 0.584375 0.05468750000000007 0.584375 0.09218750000000007 0.6578125 0.09218750000000009
36 0.5375 0.050000000000000065 0.4703125 0.050000000000000065 0.4703125 0.07968750000000006 0.5375 0.07968750000000006
11 0.5453125 6.305017504985202e-17 0.484375 5.931882933369991e-17 0.484375 0.015625000000000062 0.5453125 0.015625000000000066
28 0.4875 0.037500000000000054 0.44375 0.037500000000000054 0.44375 0.06250000000000006 0.4875 0.06250000000000007