32 0.440625 0.2250000000000001 0.4125 0.2250000000000001 0.4125 0.2828125000000001 0.440625 0.2828125000000001
0 0.4640625 0.2406250000000001 0.4390625 0.2406250000000001 0.4390625 0.2921875000000001 0.4640625 0.2921875000000001
34 0.5390625 0.3765625000000001 0.4953125 0.3765625000000001 0.4953125 0.46875 0.5390625 0.46875
1 0.9125 0.6812500000000001 0.8640625 0.6812500000000001 0.8640625 0.7687500000000002 0.9125 0.7687500000000002
12 0.98125 0.7671875000000001 0.925 0.7671875000000001 0.925 0.8609375 0.98125 0.8609375
30 0.5203125 0.2078125000000001 0.5015625 0.2078125000000001 0.5015625 0.2578125000000001 0.5203125 0.2578125000000001
26 0.615625 0.21093750000000008 0.596875 0.21093750000000008 0.596875 0.26250000000000007 0.615625 0.26250000000000007
29 0.990625 0.5203125000000002 0.965625 0.5203125000000002 0.965625 0.5968750000000002 0.990625 0.5968750000000002
15 0.965625 0.5000000000000002 0.94375 0.5000000000000002 0.94375 0.5781250000000002 0.965625 0.5781250000000002
28 0.984375 0.4421875000000002 0.959375 0.4421875000000002 0.959375 0.4890625000000002 0.984375 0.4890625000000002
7 0.6796875 0.4578125 0.6453125 0.4578125 0.6453125 0.54375 0.6796875 0.54375
37 0.734375 0.4171875000000001 0.70625 0.4171875 0.70625 0.5015625000000001 0.734375 0.5015625000000001