33 0.6390625 0.29375000000000007 0.6171875 0.29375000000000007 0.6171875 0.3531250000000001 0.6390625 0.3531250000000001
0 0.553125 0.2390625000000001 0.5296875 0.2390625000000001 0.5296875 0.3062500000000001 0.553125 0.3062500000000001
32 0.5875 0.2296875000000001 0.559375 0.2296875000000001 0.559375 0.2843750000000001 0.5875 0.2843750000000001
26 0.3890625 0.20625000000000004 0.3578125 0.20625 0.3578125 0.27343750000000006 0.3890625 0.2734375000000001
9 0.425 0.18906250000000005 0.409375 0.18906250000000005 0.409375 0.2500000000000001 0.425 0.2500000000000001
30 0.478125 0.2062500000000001 0.4609375 0.2062500000000001 0.4609375 0.2515625000000001 0.478125 0.2515625000000001
24 0.2609375 0.259375 0.2234375 0.259375 0.2234375 0.3453125 0.2609375 0.3453125
37 0.2906250000000001 0.4125 0.2531250000000001 0.4125 0.2531250000000001 0.475 0.2906250000000001 0.475
13 0.33281250000000007 0.3828125 0.3078125000000001 0.3828125 0.3078125000000001 0.4421875 0.33281250000000007 0.4421875
35 0.39375000000000004 0.32500000000000007 0.3625 0.325 0.36250000000000004 0.39062500000000006 0.3937500000000001 0.3906250000000001
7 0.3703125000000001 0.465625 0.3437500000000001 0.465625 0.3437500000000001 0.5296875 0.3703125000000001 0.5296875
34 0.4984375 0.3984375000000001 0.4609375 0.3984375000000001 0.4609375 0.49375 0.4984375 0.49375
15 0.1812500000000001 0.8109375 0.1218750000000001 0.8109375 0.12187500000000011 0.9203125 0.18125000000000013 0.9203125
12 0.0718750000000001 0.759375 0.023437500000000094 0.759375 0.0234375000000001 0.8640625 0.0718750000000001 0.8640625
1 0.1437500000000001 0.696875 0.09687500000000009 0.696875 0.09687500000000009 0.771875 0.1437500000000001 0.771875
10 0.09843750000000007 0.528125 0.06562500000000007 0.528125 0.06562500000000007 0.615625 0.09843750000000007 0.615625
29 0.028125000000000067 0.5140625 0.0015625000000000632 0.5140625 0.0015625000000000673 0.58125 0.028125000000000067 0.58125
28 0.07031250000000006 0.4109375 0.037500000000000054 0.4109375 0.037500000000000054 0.4890625 0.07031250000000007 0.4890625