12 0.08125000000000002 0.1359375 0.007812500000000017 0.1359375 0.007812500000000023 0.2359375 0.08125000000000002 0.2359375
1 0.14843750000000006 0.2234375 0.09687500000000002 0.2234375 0.09687500000000003 0.3109375 0.14843750000000006 0.3109375
29 0.03125000000000005 0.4046875 0.0015625000000000493 0.4046875 0.0015625000000000539 0.4734375 0.031250000000000056 0.4734375
15 0.06562500000000006 0.4484375 0.03593750000000005 0.4484375 0.03593750000000006 0.503125 0.06562500000000007 0.503125
20 0.11093750000000009 0.590625 0.07500000000000007 0.590625 0.07500000000000008 0.66875 0.11093750000000009 0.66875
28 0.06406250000000006 0.534375 0.03593750000000007 0.534375 0.03593750000000007 0.5796875 0.06406250000000006 0.5796875
37 0.30937500000000007 0.5046875 0.2656250000000001 0.5046875 0.2656250000000001 0.5640625 0.30937500000000007 0.5640625
7 0.3515625000000001 0.4640625 0.3203125000000001 0.4640625 0.3203125000000001 0.5296875 0.3515625000000001 0.5296875
34 0.503125 0.5140625 0.465625 0.5140625 0.465625 0.5765625 0.503125 0.5765625
30 0.4234375000000002 0.7796875 0.40156250000000016 0.7796875 0.40156250000000016 0.8296875 0.4234375000000002 0.8296875
9 0.3984375000000001 0.796875 0.3812500000000001 0.796875 0.3812500000000001 0.846875 0.3984375000000001 0.846875
26 0.3312500000000001 0.778125 0.3156250000000001 0.778125 0.3156250000000001 0.828125 0.3312500000000001 0.828125
24 0.5734375000000002 0.728125 0.5593750000000002 0.728125 0.5593750000000002 0.7609375 0.5734375000000002 0.7609375
32 0.5875000000000001 0.721875 0.578125 0.721875 0.5781250000000001 0.765625 0.5875000000000001 0.765625