30 0.4984375 0.19375000000000003 0.4734375 0.19375000000000003 0.4734375 0.2562500000000001 0.4984375 0.2562500000000001
33 0.5703125 0.2406250000000001 0.540625 0.2406250000000001 0.540625 0.2968750000000001 0.5703125 0.2968750000000001
32 0.584375 0.2218750000000001 0.56875 0.2218750000000001 0.56875 0.2828125000000001 0.584375 0.2828125000000001
7 0.3625000000000001 0.459375 0.3125000000000001 0.459375 0.3125000000000001 0.5453125 0.3625000000000001 0.5453125
37 0.30156250000000007 0.415625 0.2640625000000001 0.415625 0.2640625000000001 0.4953125 0.30156250000000007 0.4953125
34 0.4578125 0.37968750000000007 0.425 0.37968750000000007 0.425 0.4671875 0.4578125 0.4671875
1 0.1515625000000001 0.6515625 0.09687500000000009 0.6515625 0.09687500000000009 0.7875 0.1515625000000001 0.7875
12 0.0859375000000001 0.76875 0.02968750000000009 0.76875 0.0296875000000001 0.871875 0.08593750000000011 0.871875
29 0.037500000000000075 0.5203125 0.012500000000000061 0.5203125 0.012500000000000067 0.5984375 0.037500000000000075 0.5984375
15 0.06250000000000007 0.484375 0.031250000000000056 0.484375 0.03125000000000006 0.55 0.06250000000000007 0.55
20 0.10000000000000005 0.3546875 0.06406250000000005 0.3546875 0.06406250000000005 0.4265625 0.10000000000000005 0.4265625
28 0.05625000000000006 0.4296875 0.026562500000000055 0.4296875 0.026562500000000055 0.48125 0.056250000000000064 0.48125
10 0.14062500000000006 0.3984375 0.12031250000000004 0.3984375 0.12031250000000004 0.4671875 0.14062500000000006 0.4671875