33 0.6171875 0.6640625 0.5921875 0.6640625 0.5921875 0.7234375 0.6171875 0.7234375
5 0.6421875000000001 0.690625 0.6203125 0.690625 0.6203125 0.7421875 0.6421875000000001 0.7421875
0 0.5546875000000001 0.6875 0.5265625 0.6875 0.5265625 0.74375 0.5546875000000002 0.74375
32 0.58125 0.725 0.5578125 0.725 0.5578125 0.775 0.5812500000000002 0.775
24 0.45625000000000016 0.7265625 0.4359375000000002 0.7265625 0.4359375000000002 0.7734375 0.45625000000000016 0.7734375
30 0.4984375000000002 0.7515625 0.47656250000000017 0.7515625 0.47656250000000017 0.7984375 0.4984375000000002 0.7984375
9 0.42500000000000016 0.75625 0.40937500000000016 0.75625 0.40937500000000016 0.7953125 0.42500000000000016 0.7953125
26 0.39531250000000007 0.7421875 0.3765625000000001 0.7421875 0.3765625000000001 0.784375 0.39531250000000007 0.784375
6 0.3000000000000001 0.6484375 0.2734375000000001 0.6484375 0.2734375000000001 0.7015625 0.3000000000000001 0.7015625
8 0.2484375000000001 0.6140625 0.22656250000000008 0.6140625 0.22656250000000008 0.6578125 0.2484375000000001 0.6578125
21 0.21093750000000008 0.56875 0.18906250000000008 0.56875 0.18906250000000008 0.621875 0.21093750000000008 0.621875
37 0.2906250000000001 0.5234375 0.26250000000000007 0.5234375 0.26250000000000007 0.5890625 0.2906250000000001 0.5890625
13 0.34062500000000007 0.565625 0.3125000000000001 0.565625 0.3125000000000001 0.625 0.34062500000000007 0.625
7 0.3531250000000001 0.4703125 0.3156250000000001 0.4703125 0.3156250000000001 0.5421875 0.3531250000000001 0.5421875
38 0.4609375 0.4953125 0.4265625 0.4953125 0.4265625 0.5671875 0.4609375 0.5671875
34 0.4921875 0.5515625 0.4578125 0.5515625 0.4578125 0.621875 0.4921875 0.621875
14 0.17968750000000008 0.621875 0.15781250000000008 0.621875 0.15781250000000008 0.671875 0.17968750000000008 0.671875
17 0.23593750000000008 0.6546875 0.2140625000000001 0.6546875 0.2140625000000001 0.6984375 0.23593750000000008 0.6984375
16 0.2515625000000001 0.6703125 0.2296875000000001 0.6703125 0.2296875000000001 0.715625 0.2515625000000001 0.715625
1 0.12343750000000005 0.2984375 0.08125000000000004 0.2984375 0.08125000000000004 0.378125 0.12343750000000005 0.378125
35 0.03750000000000004 0.3140625 0.007812500000000038 0.3140625 0.007812500000000043 0.3828125 0.03750000000000005 0.3828125
10 0.08593750000000004 0.375 0.050000000000000044 0.375 0.050000000000000044 0.4515625 0.08593750000000004 0.4515625
29 0.037500000000000054 0.425 0.007812500000000052 0.425 0.007812500000000056 0.48125 0.037500000000000054 0.48125
36 0.07500000000000007 0.4734375 0.050000000000000065 0.4734375 0.050000000000000065 0.5265625 0.07500000000000007 0.5265625
15 0.19687500000000002 0.14843750000000003 0.13125 0.1484375 0.13125000000000003 0.246875 0.19687500000000005 0.246875
11 0.01562500000000006 0.453125 5.5491808086364444e-17 0.453125 5.855342508423283e-17 0.503125 0.015625000000000062 0.503125
28 0.06093750000000007 0.5171875 0.03906250000000007 0.5171875 0.03906250000000007 0.5609375 0.06093750000000007 0.5609375