33 0.6390625 0.2734375000000001 0.6078125 0.2734375000000001 0.6078125 0.3375000000000001 0.6390625 0.3375000000000001
5 0.6609375 0.2640625000000001 0.6375 0.2640625000000001 0.6375 0.32500000000000007 0.6609375 0.32500000000000007
0 0.5578125 0.2406250000000001 0.534375 0.2406250000000001 0.534375 0.2906250000000001 0.5578125 0.2906250000000001
32 0.578125 0.22812500000000008 0.5578125 0.22812500000000008 0.5578125 0.2796875000000001 0.578125 0.2796875000000001
24 0.4578125 0.22656250000000008 0.4375 0.22656250000000008 0.4375 0.2750000000000001 0.4578125 0.2750000000000001
30 0.471875 0.20312500000000008 0.4546875 0.20312500000000008 0.4546875 0.2468750000000001 0.471875 0.2468750000000001
9 0.428125 0.2000000000000001 0.4125 0.2000000000000001 0.4125 0.2375000000000001 0.428125 0.2375000000000001
6 0.359375 0.2609375 0.3328125 0.2609375 0.3328125 0.3171875 0.359375 0.3171875
26 0.3859375 0.21875000000000008 0.3640625 0.21875000000000008 0.3640625 0.2593750000000001 0.3859375 0.2593750000000001
34 0.4640625 0.3671875000000001 0.434375 0.3671875000000001 0.434375 0.43125 0.4640625 0.43125
7 0.3734375000000001 0.475 0.34062500000000007 0.475 0.34062500000000007 0.5515625 0.3734375000000001 0.5515625
37 0.29375000000000007 0.396875 0.2593750000000001 0.396875 0.2593750000000001 0.4625 0.29375000000000007 0.4625
13 0.34843750000000007 0.3765625 0.32500000000000007 0.3765625 0.32500000000000007 0.44375 0.34843750000000007 0.44375
21 0.19531250000000006 0.4359375 0.15937500000000004 0.4359375 0.15937500000000004 0.5328125 0.19531250000000006 0.5328125
14 0.18750000000000006 0.3515625 0.15156250000000004 0.3515625 0.15156250000000004 0.4375 0.18750000000000006 0.4375
1 0.1390625000000001 0.6765625 0.09375000000000008 0.6765625 0.09375000000000008 0.7671875 0.1390625000000001 0.7671875
35 0.048437500000000085 0.6234375 0.02187500000000008 0.6234375 0.021875000000000082 0.69375 0.04843750000000009 0.69375
10 0.09843750000000008 0.553125 0.06562500000000007 0.553125 0.06562500000000007 0.6390625 0.0984375000000001 0.6390625
36 0.07031250000000007 0.4640625 0.04375000000000005 0.4640625 0.04375000000000006 0.5265625 0.07031250000000007 0.5265625
29 0.025000000000000067 0.5140625 0.0031250000000000626 0.5140625 0.003125000000000066 0.5640625 0.025000000000000067 0.5640625
12 0.0718750000000001 0.778125 0.0312500000000001 0.778125 0.0312500000000001 0.8609375 0.0718750000000001 0.8609375
15 0.22031250000000008 0.7265625 0.1593750000000001 0.7265625 0.1593750000000001 0.8390625 0.22031250000000008 0.8390625
8 0.2140625 0.309375 0.18437500000000004 0.309375 0.18437500000000004 0.3625 0.2140625 0.3625
16 0.2671875 0.2828125 0.246875 0.2828125 0.246875 0.328125 0.2671875 0.328125