33 0.3859375000000001 0.65625 0.3578125000000001 0.65625 0.3578125000000001 0.71875 0.3859375000000001 0.71875
5 0.3703125000000001 0.703125 0.3453125000000001 0.703125 0.3453125000000001 0.753125 0.3703125000000001 0.753125
0 0.4562500000000001 0.709375 0.43125 0.709375 0.4312500000000001 0.759375 0.45625000000000016 0.759375
32 0.43750000000000017 0.728125 0.41406250000000017 0.728125 0.41406250000000017 0.7734375 0.43750000000000017 0.7734375
9 0.5843750000000002 0.7640625 0.5687500000000002 0.7640625 0.5687500000000002 0.7984375 0.5843750000000002 0.7984375
30 0.5531250000000002 0.7484375 0.5328125000000001 0.7484375 0.5328125000000001 0.7953125 0.5531250000000002 0.7953125
26 0.6218750000000002 0.740625 0.6031250000000001 0.740625 0.6031250000000001 0.784375 0.6218750000000002 0.784375
36 0.88125 0.5750000000000002 0.8515625 0.5750000000000002 0.8515625 0.6390625000000002 0.88125 0.6390625000000002
16 0.8578125 0.6109375000000001 0.8234375 0.6109375000000001 0.8234375 0.6859375000000002 0.8578125 0.6859375000000002
23 0.8578125 0.46093750000000017 0.8203125 0.46093750000000017 0.8203125 0.5390625000000002 0.8578125 0.5390625000000002
10 0.934375 0.4109375000000002 0.903125 0.4109375000000002 0.903125 0.46875000000000017 0.934375 0.46875000000000017
1 0.90625 0.22656250000000008 0.8625 0.22656250000000008 0.8625 0.3203125000000001 0.90625 0.3203125000000001
12 0.9703125 0.14218750000000013 0.9296875 0.14218750000000013 0.9296875 0.22656250000000008 0.9703125 0.22656250000000008
15 0.8625 0.0843750000000001 0.803125 0.08437500000000009 0.803125 0.2062500000000001 0.8625 0.2062500000000001
11 1 0.4593750000000002 0.9828125 0.4593750000000002 0.9828125 0.5046875000000002 1 0.5046875000000002
28 0.9625 0.5250000000000001 0.940625 0.5250000000000001 0.940625 0.5765625000000002 0.9625 0.5765625000000002
13 0.7 0.565625 0.675 0.565625 0.675 0.621875 0.7 0.621875
35 0.65 0.6109375 0.6203125 0.6109375 0.6203125 0.6703125 0.65 0.6703125
37 0.75 0.49687500000000007 0.71875 0.496875 0.71875 0.565625 0.75 0.5656250000000002