33 0.6375 0.6546875 0.609375 0.6546875 0.609375 0.7109375 0.6375 0.7109375
5 0.675 0.68125 0.65 0.68125 0.6500000000000001 0.740625 0.6750000000000002 0.740625
0 0.565625 0.7015625 0.5453125 0.7015625 0.5453125000000001 0.7546875 0.5656250000000002 0.7546875
32 0.5921875000000001 0.725 0.56875 0.725 0.5687500000000001 0.7703125 0.5921875000000002 0.7703125
37 0.2890625000000001 0.5234375 0.2515625000000001 0.5234375 0.2515625000000001 0.590625 0.2890625000000001 0.590625
13 0.33281250000000007 0.5515625 0.30156250000000007 0.5515625 0.30156250000000007 0.61875 0.33281250000000007 0.61875
35 0.3812500000000001 0.621875 0.3578125000000001 0.621875 0.3578125000000001 0.696875 0.3812500000000001 0.696875
26 0.3859375000000001 0.74375 0.3609375000000001 0.74375 0.3609375000000001 0.79375 0.3859375000000001 0.79375
9 0.42968750000000017 0.7640625 0.41718750000000016 0.7640625 0.41718750000000016 0.7953125 0.42968750000000017 0.7953125
30 0.4750000000000002 0.753125 0.4500000000000002 0.753125 0.4500000000000002 0.8078125 0.4750000000000002 0.8078125
34 0.5015625 0.5421875 0.465625 0.5421875 0.465625 0.5953125 0.5015625 0.5953125
15 0.184375 0.08750000000000002 0.134375 0.08750000000000002 0.13437500000000002 0.2203125 0.18437500000000004 0.2203125
12 0.07187500000000002 0.134375 0.03281250000000001 0.134375 0.032812500000000015 0.225 0.07187500000000002 0.225
1 0.13906250000000003 0.2234375 0.10156250000000004 0.2234375 0.10156250000000004 0.2875 0.13906250000000003 0.2875
29 0.05156250000000005 0.4078125 0.01406250000000005 0.4078125 0.014062500000000056 0.496875 0.05156250000000007 0.496875
10 0.11093750000000005 0.3953125 0.07656250000000005 0.3953125 0.07656250000000006 0.4953125 0.11093750000000005 0.4953125
11 0.012500000000000058 0.4515625 5.5300457023997667e-17 0.4515625 5.912747827133314e-17 0.5140625 0.012500000000000061 0.5140625
28 0.06093750000000007 0.50625 0.032812500000000064 0.50625 0.032812500000000064 0.5875 0.06093750000000007 0.5875
16 0.12031250000000009 0.6140625 0.08281250000000007 0.6140625 0.08281250000000008 0.6640625 0.12031250000000009 0.6640625