10 0.675 0.5984375 0.603125 0.5984375 0.6031250000000001 0.7578125 0.6750000000000002 0.7578125
13 0.5703125 0.4671875 0.5078125 0.4671875 0.5078125 0.5796875 0.5703125 0.5796875
35 0.5046875 0.55625 0.459375 0.55625 0.459375 0.65625 0.5046875 0.65625
37 0.29375000000000007 0.4109375 0.2500000000000001 0.4109375 0.2500000000000001 0.5 0.29375000000000007 0.5
0 0.325 0.15312500000000004 0.2984375 0.15312500000000004 0.2984375 0.240625 0.325 0.240625
38 0.3750000000000001 0.3765625 0.3421875000000001 0.3765625 0.3421875000000001 0.4828125 0.3750000000000001 0.4828125
28 0.4203125 0.45 0.3843750000000001 0.45 0.3843750000000001 0.5703125 0.4203125 0.5703125
7 0.446875 0.4375 0.41875 0.4375 0.41875 0.5265625 0.446875 0.5265625
34 0.4578125 0.3734375000000001 0.4140625 0.3734375000000001 0.4140625 0.440625 0.4578125 0.440625
1 0.1781250000000001 0.6828125 0.10937500000000008 0.6828125 0.10937500000000008 0.8015625 0.1781250000000001 0.8015625
12 0.0546875000000001 0.7390625 0.014062500000000089 0.7390625 0.014062500000000097 0.8421875 0.05468750000000011 0.8421875
29 0.048437500000000064 0.478125 0.009375000000000059 0.478125 0.009375000000000066 0.58125 0.048437500000000064 0.58125
15 0.07031250000000007 0.4578125 0.045312500000000054 0.4578125 0.04531250000000006 0.5390625 0.07031250000000007 0.5390625
20 0.10312500000000005 0.45 0.07968750000000005 0.45 0.07968750000000005 0.521875 0.10312500000000005 0.521875