30 0.5046875000000002 0.7515625 0.47656250000000017 0.7515625 0.47656250000000017 0.803125 0.5046875000000002 0.803125
28 0.35625000000000007 0.4796875 0.3125000000000001 0.4796875 0.3125000000000001 0.5703125 0.35625000000000007 0.5703125
7 0.4171875 0.46875 0.3765625000000001 0.46875 0.3765625000000001 0.5546875 0.4171875 0.5546875
37 0.2734375000000001 0.4984375 0.22656250000000008 0.4984375 0.22656250000000008 0.5765625 0.2734375000000001 0.5765625
1 0.14062500000000006 0.2171875 0.09062500000000002 0.2171875 0.09062500000000004 0.3140625 0.14062500000000006 0.3140625
12 0.08593750000000003 0.178125 0.042187500000000024 0.178125 0.04218750000000003 0.275 0.08593750000000004 0.275
29 0.054687500000000056 0.409375 0.01875000000000005 0.409375 0.018750000000000055 0.4796875 0.05468750000000007 0.4796875
20 0.09375000000000006 0.4453125 0.06406250000000005 0.4453125 0.06406250000000005 0.5046875 0.09375000000000007 0.5046875
20 0.06562500000000007 0.46875 0.04218750000000006 0.46875 0.04218750000000006 0.521875 0.06562500000000007 0.521875
38 0.6859375 0.1375000000000001 0.625 0.1375000000000001 0.625 0.2812500000000001 0.6859375 0.2812500000000001
34 0.7796875 0.1750000000000001 0.7234375 0.1750000000000001 0.7234375 0.3046875000000001 0.7796875 0.3046875000000001