30 0.2562500000000001 0.4765625 0.19531250000000006 0.4765625 0.19531250000000006 0.503125 0.2562500000000001 0.503125
0 0.2796875000000001 0.4375 0.2234375000000001 0.4375 0.2234375000000001 0.45625 0.2796875000000001 0.45625
3 0.24218750000000008 0.4046875 0.18281250000000004 0.4046875 0.18281250000000004 0.4265625 0.24218750000000008 0.4265625
10 0.7125 0.621875 0.571875 0.621875 0.571875 0.6859375 0.7125 0.6859375
35 0.659375 0.4703125 0.525 0.4703125 0.525 0.525 0.659375 0.525
13 0.596875 0.5546875 0.5140625 0.5546875 0.5140625 0.5984375 0.596875 0.5984375
37 0.5265625 0.3046875000000001 0.4671875 0.3046875000000001 0.4671875 0.3437500000000001 0.5265625 0.3437500000000001
28 0.565625 0.3734375000000001 0.478125 0.3734375000000001 0.478125 0.4125 0.565625 0.4125
7 0.540625 0.4109375 0.45625 0.4109375 0.45625 0.44375 0.540625 0.44375
1 0.775 0.09218750000000009 0.6875 0.09218750000000009 0.6875 0.1453125000000001 0.775 0.1453125000000001
12 0.81875 0.04843750000000009 0.7265625 0.04843750000000009 0.7265625 0.0828125000000001 0.81875 0.08281250000000011
29 0.59375 0.01718750000000007 0.534375 0.017187500000000067 0.534375 0.05156250000000007 0.59375 0.05156250000000007
15 0.546875 0.04687500000000006 0.475 0.046875000000000056 0.475 0.07187500000000006 0.546875 0.07187500000000006
20 0.5203125 0.08281250000000007 0.4578125 0.08281250000000007 0.4578125 0.11093750000000005 0.5203125 0.11093750000000005