30 0.5359375 0.19531250000000006 0.5140625 0.19531250000000006 0.5140625 0.24218750000000008 0.5359375 0.24218750000000008
0 0.70625 0.18125000000000008 0.684375 0.18125000000000008 0.684375 0.21875000000000008 0.70625 0.21875000000000008
38 0.6671875 0.3781250000000001 0.634375 0.3781250000000001 0.634375 0.4390625 0.6671875 0.4390625
37 0.7453125 0.4281250000000001 0.7140625 0.428125 0.7140625 0.4906250000000001 0.7453125 0.4906250000000002
34 0.5859375 0.3703125000000001 0.5546875 0.3703125000000001 0.5546875 0.4421875 0.5859375 0.4421875
13 0.4703125 0.496875 0.43125 0.496875 0.43125 0.590625 0.4703125 0.590625
35 0.5140625 0.58125 0.45625 0.58125 0.45625 0.6765625 0.5140625 0.6765625
28 0.6046875 0.475 0.5734375 0.475 0.5734375 0.55625 0.6046875 0.55625
20 0.8953125 0.40625000000000017 0.8671875 0.40625000000000017 0.8671875 0.46406250000000016 0.8953125 0.46406250000000016
29 0.984375 0.5062500000000002 0.9546875 0.5062500000000002 0.9546875 0.5625000000000002 0.984375 0.5625000000000002
15 0.9640625 0.4734375000000002 0.9390625 0.4734375000000002 0.9390625 0.5328125000000001 0.9640625 0.5328125000000001
1 0.8875 0.6890625000000001 0.85 0.6890625000000001 0.85 0.7828125000000001 0.8875 0.7828125000000001
12 0.9984375 0.7484375000000002 0.9609375 0.7484375000000002 0.9609375 0.8203125 0.9984375 0.8203125