30 0.5046875 0.19843750000000004 0.4765625 0.19843750000000004 0.4765625 0.2500000000000001 0.5046875 0.2500000000000001
28 0.3546875000000001 0.4296875 0.3125000000000001 0.4296875 0.3125000000000001 0.5203125 0.3546875000000001 0.5203125
7 0.4171875 0.446875 0.3765625000000001 0.446875 0.3765625000000001 0.5328125 0.4171875 0.5328125
37 0.2734375000000001 0.4234375 0.22656250000000008 0.4234375 0.22656250000000008 0.503125 0.2734375000000001 0.503125
1 0.1390625000000001 0.6875 0.0906250000000001 0.6875 0.0906250000000001 0.7828125 0.1390625000000001 0.7828125
12 0.0859375000000001 0.725 0.042187500000000086 0.725 0.04218750000000009 0.821875 0.08593750000000011 0.821875
29 0.05312500000000007 0.521875 0.018750000000000065 0.521875 0.01875000000000007 0.5921875 0.05312500000000007 0.5921875
20 0.09218750000000006 0.496875 0.06406250000000006 0.496875 0.06406250000000006 0.5546875 0.09218750000000006 0.5546875
20 0.06562500000000007 0.478125 0.04218750000000006 0.478125 0.04218750000000006 0.5328125 0.06562500000000007 0.5328125
38 0.6859375000000001 0.7203125 0.625 0.7203125 0.6250000000000001 0.8640625 0.6859375000000002 0.8640625
34 0.7781250000000001 0.6968750000000001 0.7234375 0.696875 0.7234375000000001 0.8265625 0.7781250000000002 0.8265625