10 0.31718750000000007 0.509375 0.25468750000000007 0.509375 0.25468750000000007 0.615625 0.31718750000000007 0.615625
37 0.3359375000000001 0.459375 0.30156250000000007 0.459375 0.30156250000000007 0.525 0.3359375000000001 0.525
28 0.409375 0.478125 0.3781250000000001 0.478125 0.3781250000000001 0.571875 0.409375 0.571875
7 0.44375 0.4578125 0.4125 0.4578125 0.4125 0.5328125 0.44375 0.5328125
13 0.6078125 0.5328125 0.55625 0.5328125 0.55625 0.6109375 0.6078125 0.6109375
30 0.5046875 0.2015625000000001 0.4796875 0.2015625000000001 0.4796875 0.2640625000000001 0.5046875 0.2640625000000001
1 0.14062500000000008 0.6875 0.09531250000000009 0.6875 0.09531250000000009 0.7734375 0.14062500000000008 0.7734375
12 0.0843750000000001 0.734375 0.04062500000000009 0.734375 0.04062500000000009 0.8171875 0.08437500000000012 0.8171875
11 0.15000000000000005 0.3421875 0.12343750000000005 0.3421875 0.12343750000000005 0.3984375 0.15000000000000005 0.3984375
29 0.04843750000000007 0.5265625 0.020312500000000067 0.5265625 0.02031250000000007 0.6 0.04843750000000008 0.6
15 0.07812500000000007 0.48125 0.04843750000000006 0.48125 0.048437500000000064 0.553125 0.07812500000000007 0.553125