30 0.50625 0.19531250000000006 0.46875 0.19531250000000006 0.46875 0.25468750000000007 0.50625 0.25468750000000007
0 0.3734375 0.20625000000000004 0.35 0.20625 0.35 0.25625000000000003 0.3734375 0.2562500000000001
15 0.3125 0.16718750000000004 0.296875 0.16718750000000004 0.296875 0.203125 0.3125 0.203125
3 0.2859375 0.2734375 0.246875 0.2734375 0.246875 0.321875 0.2859375 0.321875
20 0.13437500000000005 0.2765625 0.10625000000000004 0.2765625 0.10625000000000004 0.3421875 0.13437500000000005 0.3421875
14 0.2750000000000001 0.5234375 0.2156250000000001 0.5234375 0.2156250000000001 0.671875 0.2750000000000001 0.671875
10 0.3750000000000001 0.48125 0.3375000000000001 0.48125 0.3375000000000001 0.553125 0.3750000000000001 0.553125
13 0.496875 0.5125 0.4671875 0.5125 0.4671875 0.584375 0.496875 0.584375
1 0.14218750000000008 0.69375 0.10156250000000008 0.69375 0.10156250000000008 0.7875 0.14218750000000008 0.7875
12 0.0781250000000001 0.7234375 0.025000000000000088 0.7234375 0.025000000000000095 0.8203125 0.07812500000000011 0.8203125
16 0.90625 0.7640625000000002 0.8546875 0.7640625000000002 0.8546875 0.9796875 0.90625 0.9796875