30 0.484375 0.19687500000000005 0.4640625 0.19687500000000005 0.4640625 0.24375000000000008 0.484375 0.24375000000000008
0 0.31875 0.17656250000000004 0.3 0.17656250000000004 0.3 0.21875 0.31875 0.21875
13 0.5734375 0.51875 0.5359375 0.51875 0.5359375 0.6140625 0.5734375 0.6140625
7 0.4328125 0.4375 0.4015625 0.4375 0.4015625 0.5109375 0.4328125 0.5109375
38 0.3734375000000001 0.40625 0.3421875000000001 0.40625 0.3421875000000001 0.4671875 0.3734375000000001 0.4671875
37 0.2906250000000001 0.428125 0.2656250000000001 0.428125 0.2656250000000001 0.49375 0.2906250000000001 0.49375
20 0.12500000000000006 0.409375 0.10000000000000005 0.409375 0.10000000000000005 0.471875 0.12500000000000006 0.471875
29 0.04218750000000006 0.4953125 0.014062500000000061 0.4953125 0.014062500000000065 0.553125 0.042187500000000065 0.553125
15 0.06875000000000006 0.46875 0.04375000000000005 0.46875 0.04375000000000006 0.53125 0.06875000000000006 0.53125
1 0.15000000000000008 0.6875 0.10937500000000008 0.6875 0.10937500000000008 0.775 0.15000000000000008 0.775
12 0.0859375000000001 0.765625 0.04843750000000009 0.765625 0.04843750000000009 0.8546875 0.08593750000000011 0.8546875
28 0.403125 0.4640625 0.3703125000000001 0.4640625 0.3703125000000001 0.5515625 0.403125 0.5515625