30 0.8046875 0.4968750000000002 0.74375 0.4968750000000002 0.74375 0.5234375000000002 0.8046875 0.5234375000000002
0 0.778125 0.5437500000000001 0.721875 0.54375 0.721875 0.5625000000000001 0.778125 0.5625000000000002
3 0.81875 0.5750000000000002 0.759375 0.5750000000000002 0.759375 0.5968750000000002 0.81875 0.5968750000000002
10 0.428125 0.31562500000000004 0.2875 0.315625 0.28750000000000003 0.37968750000000007 0.428125 0.37968750000000007
35 0.475 0.475 0.34062500000000007 0.475 0.34062500000000007 0.5296875 0.475 0.5296875
13 0.4859375 0.403125 0.403125 0.403125 0.403125 0.446875 0.4859375 0.446875
37 0.534375 0.6578125 0.475 0.6578125 0.475 0.696875 0.534375 0.696875
28 0.521875 0.5890625 0.434375 0.5890625 0.434375 0.628125 0.521875 0.628125
7 0.5453125 0.55625 0.4609375 0.55625 0.4609375 0.5890625 0.5453125 0.5890625
1 0.3140625000000001 0.85625 0.22656250000000008 0.85625 0.22656250000000008 0.909375 0.3140625000000001 0.909375
12 0.2734375000000001 0.9171875 0.18125000000000013 0.9171875 0.18125000000000013 0.953125 0.2734375000000001 0.953125
29 0.4671875000000002 0.95 0.4078125000000002 0.95 0.4078125000000002 0.984375 0.4671875000000002 0.984375
15 0.5265625000000002 0.928125 0.4546875000000002 0.928125 0.4546875000000002 0.9546875 0.5265625000000002 0.9546875
20 0.5421875000000002 0.8890625 0.47968750000000016 0.8890625 0.47968750000000016 0.9171875 0.5421875000000002 0.9171875