30 0.5078125 0.2171875000000001 0.4734375 0.2171875000000001 0.4734375 0.2593750000000001 0.5078125 0.2593750000000001
34 0.490625 0.3812500000000001 0.4546875 0.3812500000000001 0.4546875 0.4828125 0.490625 0.4828125
38 0.3812500000000001 0.578125 0.3281250000000001 0.578125 0.3281250000000001 0.71875 0.3812500000000001 0.71875
37 0.31718750000000007 0.4453125 0.30156250000000007 0.4453125 0.30156250000000007 0.5234375 0.31718750000000007 0.5234375
7 0.3500000000000001 0.459375 0.3187500000000001 0.459375 0.3187500000000001 0.5234375 0.3500000000000001 0.5234375
29 0.050000000000000065 0.55 0.021875000000000068 0.55 0.02187500000000007 0.6171875 0.050000000000000065 0.6171875
11 0.04531250000000006 0.4796875 0.015625000000000062 0.4796875 0.015625000000000062 0.5328125 0.04531250000000007 0.5328125
28 0.05000000000000006 0.428125 0.02343750000000005 0.428125 0.023437500000000056 0.478125 0.050000000000000065 0.478125
20 0.10625000000000007 0.503125 0.07812500000000007 0.503125 0.07812500000000007 0.553125 0.1062500000000001 0.553125
10 0.11250000000000004 0.4203125 0.08125000000000004 0.4203125 0.08125000000000006 0.4828125 0.11250000000000004 0.4828125
1 0.1312500000000001 0.628125 0.09218750000000006 0.628125 0.09218750000000007 0.71875 0.1312500000000001 0.71875
12 0.0734375000000001 0.725 0.028125000000000087 0.725 0.028125000000000094 0.83125 0.07343750000000011 0.83125