30 0.8015625 0.5046875000000002 0.7578125 0.5046875000000002 0.7578125 0.5265625000000002 0.8015625 0.5265625000000002
37 0.5265625 0.659375 0.4765625 0.659375 0.4765625 0.6953125 0.5265625 0.6953125
7 0.5421875 0.565625 0.46875 0.565625 0.46875 0.59375 0.5421875 0.59375
28 0.5234375 0.59375 0.4359375 0.59375 0.4359375 0.6296875 0.5234375 0.6296875
13 0.5046875 0.4125 0.40625 0.4125 0.40625 0.4515625 0.5046875 0.4515625
10 0.4046875 0.36875 0.3000000000000001 0.36875 0.3000000000000001 0.425 0.4046875 0.425
20 0.5953125000000001 0.8609375 0.5296875000000002 0.8609375 0.5296875000000002 0.8859375 0.5953125000000001 0.8859375
15 0.5281250000000002 0.9265625 0.4593750000000002 0.9265625 0.4593750000000002 0.953125 0.5281250000000002 0.953125
29 0.46875000000000017 0.9546875 0.4046875000000002 0.9546875 0.4046875000000002 0.98125 0.46875000000000017 0.98125
1 0.3078125000000001 0.859375 0.2250000000000001 0.859375 0.2250000000000001 0.9078125 0.3078125000000001 0.9078125
12 0.2718750000000001 0.915625 0.18125000000000013 0.915625 0.18125000000000013 0.95 0.2718750000000001 0.95
3 0.4703125000000002 0.8 0.3703125000000001 0.8 0.3703125000000001 0.8609375 0.4703125000000002 0.8609375
0 0.7921875 0.4812500000000002 0.7390625 0.4812500000000002 0.7390625 0.5031250000000002 0.7921875 0.5031250000000002