10 0.621875 0.6203125 0.56875 0.6203125 0.56875 0.7203125 0.621875 0.7203125
35 0.5234375 0.5890625 0.4765625 0.5890625 0.4765625 0.6734375 0.5234375 0.6734375
13 0.575 0.49375 0.5421875 0.49375 0.5421875 0.596875 0.575 0.596875
28 0.4046875 0.465625 0.3734375000000001 0.465625 0.3734375000000001 0.565625 0.4046875 0.565625
7 0.434375 0.45625 0.409375 0.45625 0.409375 0.5328125 0.434375 0.5328125
34 0.471875 0.4015625 0.4328125 0.4015625 0.4328125 0.4546875 0.471875 0.4546875
38 0.3593750000000001 0.3828125 0.3187500000000001 0.3828125 0.3187500000000001 0.453125 0.3593750000000001 0.453125
37 0.2828125000000001 0.4203125 0.2515625000000001 0.4203125 0.2515625000000001 0.475 0.2828125000000001 0.475
0 0.3078125 0.16250000000000003 0.2859375 0.16250000000000003 0.2859375 0.225 0.3078125 0.225
12 0.0812500000000001 0.7203125 0.050000000000000086 0.7203125 0.0500000000000001 0.834375 0.08125000000000011 0.834375
1 0.1546875000000001 0.7015625 0.09218750000000009 0.7015625 0.09218750000000009 0.7859375 0.1546875000000001 0.7859375
29 0.045312500000000075 0.5078125 0.018750000000000062 0.5078125 0.018750000000000065 0.6109375 0.045312500000000075 0.6109375
15 0.07656250000000006 0.459375 0.03281250000000006 0.459375 0.032812500000000064 0.5484375 0.07656250000000006 0.5484375
20 0.11093750000000005 0.43125 0.07812500000000004 0.43125 0.07812500000000006 0.4875 0.11093750000000005 0.4875