13 0.6171875 0.3921875000000001 0.534375 0.3921875000000001 0.534375 0.440625 0.6171875 0.440625
30 0.2500000000000001 0.4953125 0.20312500000000008 0.4953125 0.20312500000000008 0.521875 0.2500000000000001 0.521875
37 0.4906250000000001 0.703125 0.421875 0.703125 0.4218750000000001 0.7359375 0.4906250000000002 0.7359375
20 0.5453125000000002 0.9 0.47656250000000017 0.9 0.47656250000000017 0.9296875 0.5453125000000002 0.9296875
10 0.46406250000000016 0.89375 0.41406250000000017 0.89375 0.41406250000000017 0.9203125 0.46406250000000016 0.9203125
1 0.7734375000000002 0.8578125 0.6921875000000002 0.8578125 0.6921875000000002 0.9046875 0.7734375000000002 0.9046875
12 0.81875 0.9125 0.7328125000000002 0.9125 0.7328125000000002 0.9484375 0.81875 0.9484375
29 0.5937500000000002 0.95 0.5281250000000002 0.95 0.5281250000000002 0.9796875 0.5937500000000002 0.9796875
15 0.5421875000000002 0.9265625 0.47968750000000016 0.9265625 0.47968750000000016 0.9484375 0.5421875000000002 0.9484375
28 0.55625 0.603125 0.46875 0.603125 0.46875 0.640625 0.55625 0.640625
7 0.53125 0.58125 0.45625 0.58125 0.45625 0.6125 0.53125 0.6125