30 0.496875 0.19843750000000004 0.4734375 0.19843750000000004 0.4734375 0.2453125000000001 0.496875 0.2453125000000001
34 0.425 0.2406250000000001 0.3984375 0.2406250000000001 0.3984375 0.3031250000000001 0.425 0.3031250000000001
38 0.27187500000000003 0.3609375 0.234375 0.3609375 0.23437500000000006 0.43125 0.2718750000000001 0.43125
37 0.3359375000000001 0.471875 0.3031250000000001 0.471875 0.3031250000000001 0.525 0.3359375000000001 0.525
0 0.3234375 0.17500000000000004 0.3046875 0.17500000000000004 0.3046875 0.2125 0.3234375 0.2125
13 0.6078125 0.528125 0.565625 0.528125 0.565625 0.6125 0.6078125 0.6125
28 0.4125 0.4765625 0.3765625000000001 0.4765625 0.3765625000000001 0.5640625 0.4125 0.5640625
7 0.440625 0.4625 0.4109375 0.4625 0.4109375 0.534375 0.440625 0.534375
20 0.12343750000000005 0.44375 0.09531250000000005 0.44375 0.09531250000000005 0.50625 0.12343750000000005 0.50625
29 0.04687500000000007 0.5296875 0.015625000000000066 0.5296875 0.01562500000000007 0.5921875 0.046875000000000076 0.5921875
15 0.07187500000000006 0.4796875 0.04218750000000006 0.4796875 0.04218750000000006 0.54375 0.07187500000000006 0.54375
1 0.1375000000000001 0.69375 0.09375000000000008 0.69375 0.09375000000000008 0.778125 0.1375000000000001 0.778125
12 0.08593750000000008 0.73125 0.04843750000000009 0.73125 0.04843750000000009 0.8140625 0.08593750000000008 0.8140625