30 0.51875 0.19375000000000003 0.4734375 0.19375000000000003 0.4734375 0.2562500000000001 0.51875 0.2562500000000001
3 0.2921875 0.2 0.2625 0.2 0.2625 0.253125 0.2921875 0.253125
0 0.34375 0.15625000000000006 0.321875 0.15625000000000006 0.321875 0.21875 0.34375 0.21875
37 0.3453125000000001 0.4609375 0.30156250000000007 0.4609375 0.30156250000000007 0.5359375 0.3453125000000001 0.5359375
28 0.4125 0.4828125 0.3734375000000001 0.4828125 0.3734375000000001 0.5703125 0.4125 0.5703125
7 0.4375 0.4578125 0.4140625 0.4578125 0.4140625 0.5484375 0.4375 0.5484375
10 0.646875 0.5984375 0.58125 0.5984375 0.58125 0.7 0.646875 0.7
13 0.590625 0.5046875 0.5359375 0.5046875 0.5359375 0.6 0.590625 0.6
1 0.14843750000000008 0.68125 0.09531250000000009 0.68125 0.09531250000000009 0.784375 0.14843750000000008 0.784375
20 0.13750000000000004 0.446875 0.10156250000000004 0.446875 0.10156250000000004 0.540625 0.13750000000000004 0.540625
29 0.050000000000000065 0.525 0.014062500000000066 0.525 0.01406250000000007 0.5984375 0.050000000000000065 0.5984375
15 0.07656250000000006 0.4734375 0.04218750000000006 0.4734375 0.04218750000000006 0.54375 0.07656250000000006 0.54375
35 0.5328125 0.5765625 0.4828125 0.5765625 0.4828125 0.68125 0.5328125 0.68125