30 0.5218750000000002 0.7484375 0.4984375000000002 0.7484375 0.4984375000000002 0.7953125 0.5218750000000002 0.7953125
10 0.3921875 0.28906250000000006 0.3328125 0.2890625 0.33281250000000007 0.39843750000000006 0.3921875000000001 0.3984375000000001
13 0.44375 0.3859375000000001 0.4 0.3859375000000001 0.4 0.4703125 0.44375 0.4703125
28 0.6203125 0.4390625 0.5859375 0.4390625 0.5859375 0.525 0.6203125 0.525
7 0.596875 0.471875 0.56875 0.471875 0.56875 0.54375 0.596875 0.54375
37 0.6953125 0.478125 0.6609375 0.478125 0.6609375 0.5265625 0.6953125 0.5265625
29 1 0.4265625000000002 0.978125 0.4265625000000002 0.978125 0.4890625000000002 1 0.4890625000000002
15 0.95 0.4546875000000002 0.9234375 0.4546875000000002 0.9234375 0.5218750000000002 0.95 0.5218750000000002
20 0.9 0.5140625000000002 0.875 0.5140625000000002 0.875 0.5796875000000001 0.9 0.5796875000000001
1 0.896875 0.22812500000000008 0.853125 0.22812500000000008 0.853125 0.3109375000000001 0.896875 0.3109375000000001
12 0.9546875 0.17968750000000014 0.915625 0.17968750000000014 0.915625 0.27031250000000007 0.9546875 0.27031250000000007