30 0.496875 0.2000000000000001 0.475 0.2000000000000001 0.475 0.24375000000000008 0.496875 0.24375000000000008
37 0.34062500000000007 0.4734375 0.3046875000000001 0.4734375 0.3046875000000001 0.5234375 0.34062500000000007 0.5234375
7 0.434375 0.4578125 0.4078125 0.4578125 0.4078125 0.53125 0.434375 0.53125
28 0.4078125 0.4765625 0.37187500000000007 0.4765625 0.37187500000000007 0.565625 0.4078125 0.565625
13 0.5875 0.496875 0.5484375 0.496875 0.5484375 0.5953125 0.5875 0.5953125
10 0.6328125 0.596875 0.575 0.596875 0.575 0.7015625 0.6328125 0.7015625
20 0.13906250000000003 0.4046875 0.11562500000000005 0.4046875 0.11562500000000005 0.471875 0.13906250000000003 0.471875
15 0.07343750000000007 0.471875 0.046875000000000056 0.471875 0.04687500000000006 0.540625 0.07343750000000007 0.540625
29 0.045312500000000075 0.53125 0.020312500000000067 0.53125 0.02031250000000007 0.5953125 0.045312500000000075 0.5953125
1 0.14218750000000008 0.6921875 0.09375000000000008 0.6921875 0.09375000000000008 0.775 0.14218750000000008 0.775
12 0.0843750000000001 0.7296875 0.050000000000000086 0.7296875 0.0500000000000001 0.81875 0.08437500000000012 0.81875
3 0.2000000000000001 0.5296875 0.13906250000000003 0.5296875 0.13906250000000006 0.6296875 0.2000000000000001 0.6296875
0 0.51875 0.2078125000000001 0.4984375 0.2078125000000001 0.4984375 0.26250000000000007 0.51875 0.26250000000000007