30 0.8140625 0.5015625000000001 0.7484375 0.5015625000000001 0.7484375 0.5453125000000002 0.8140625 0.5453125000000002
0 0.8296875 0.6859375000000002 0.7765625 0.6859375000000002 0.7765625 0.7046875000000001 0.8296875 0.7046875000000001
37 0.5937500000000001 0.7109375 0.496875 0.7109375 0.49687500000000007 0.7765625 0.5937500000000002 0.7765625
38 0.6109375 0.65 0.5359375 0.65 0.5359375 0.6875 0.6109375 0.6875
28 0.540625 0.5828125 0.43125 0.5828125 0.43125 0.6171875 0.540625 0.6171875
7 0.5625 0.55625 0.4671875 0.55625 0.4671875 0.5828125 0.5625 0.5828125
10 0.39843750000000006 0.34062500000000007 0.2609375 0.340625 0.26093750000000004 0.4 0.3984375000000001 0.4
13 0.4953125 0.38750000000000007 0.38750000000000007 0.38750000000000007 0.38750000000000007 0.4453125 0.4953125 0.4453125
1 0.3453125000000001 0.8390625 0.2234375000000001 0.8390625 0.2234375000000001 0.9046875 0.3453125000000001 0.9046875
12 0.28593750000000007 0.95 0.13906250000000014 0.95 0.13906250000000014 1 0.28593750000000007 1
20 0.5781250000000002 0.8828125 0.5125000000000002 0.8828125 0.5125000000000002 0.9234375 0.5781250000000002 0.9234375
29 0.4890625000000002 0.9328125 0.4234375000000002 0.9328125 0.4234375000000002 0.9734375 0.4890625000000002 0.9734375