30 0.2562500000000001 0.48125 0.19375000000000003 0.48125 0.19375000000000003 0.5265625 0.2562500000000001 0.5265625
3 0.2531250000000001 0.709375 0.2000000000000001 0.709375 0.2000000000000001 0.7375 0.2531250000000001 0.7375
0 0.21875000000000008 0.65625 0.15625000000000008 0.65625 0.15625000000000008 0.678125 0.21875000000000008 0.678125
37 0.5359375 0.6546875 0.4609375 0.6546875 0.4609375 0.6984375 0.5359375 0.6984375
28 0.5703125 0.5890625 0.4828125 0.5890625 0.4828125 0.628125 0.5703125 0.628125
7 0.5484375 0.5625 0.4578125 0.5625 0.4578125 0.5875 0.5484375 0.5875
10 0.7 0.3531250000000001 0.5984375 0.3531250000000001 0.5984375 0.41875 0.7 0.41875
13 0.6 0.4109375 0.5046875 0.4109375 0.5046875 0.465625 0.6 0.465625
1 0.7843750000000002 0.853125 0.6812500000000001 0.853125 0.6812500000000001 0.90625 0.7843750000000002 0.90625
20 0.5406250000000001 0.8640625 0.4468750000000002 0.8640625 0.4468750000000002 0.9 0.5406250000000001 0.9
29 0.5984375000000002 0.9515625 0.5265625000000002 0.9515625 0.5265625000000002 0.9859375 0.5984375000000002 0.9859375
15 0.5453125000000002 0.9234375 0.4734375000000002 0.9234375 0.4734375000000002 0.9578125 0.5453125000000002 0.9578125
35 0.68125 0.46875 0.5765625 0.46875 0.5765625 0.51875 0.68125 0.51875