30 0.5359375 0.2000000000000001 0.5125 0.2000000000000001 0.5125 0.24375000000000008 0.5359375 0.24375000000000008
37 0.7421875 0.4234375000000001 0.7140625 0.4234375 0.7140625 0.49687500000000007 0.7421875 0.4968750000000002
13 0.4890625 0.5171875 0.453125 0.5171875 0.453125 0.6015625 0.4890625 0.6015625
28 0.6125 0.478125 0.575 0.478125 0.575 0.5609375 0.6125 0.5609375
34 0.5765625 0.3812500000000001 0.5484375 0.3812500000000001 0.5484375 0.44375 0.5765625 0.44375
38 0.6625 0.4 0.63125 0.4 0.63125 0.465625 0.6625 0.465625
10 0.4234375000000001 0.6234375 0.36406250000000007 0.6234375 0.36406250000000007 0.7265625 0.4234375000000002 0.7265625
1 0.8875 0.6906250000000002 0.846875 0.6906250000000002 0.846875 0.7828125000000001 0.8875 0.7828125000000001
12 0.990625 0.7515625000000001 0.953125 0.7515625000000001 0.953125 0.83125 0.990625 0.83125
20 0.9234375 0.4546875000000002 0.8953125 0.4546875000000002 0.8953125 0.5140625000000002 0.9234375 0.5140625000000002
29 0.984375 0.5031250000000002 0.95625 0.5031250000000002 0.95625 0.5640625000000001 0.984375 0.5640625000000001
15 0.959375 0.4734375000000002 0.934375 0.4734375000000002 0.934375 0.5328125000000001 0.959375 0.5328125000000001