30 0.496875 0.19687500000000005 0.4703125 0.19687500000000005 0.4703125 0.2453125000000001 0.496875 0.2453125000000001
0 0.3109375 0.18437500000000004 0.2890625 0.18437500000000004 0.2890625 0.2265625 0.3109375 0.2265625
37 0.2593750000000001 0.409375 0.22812500000000008 0.409375 0.22812500000000008 0.4796875 0.2593750000000001 0.4796875
38 0.3515625000000001 0.3828125 0.3187500000000001 0.3828125 0.3187500000000001 0.4546875 0.3515625000000001 0.4546875
34 0.4640625 0.36406250000000007 0.43125 0.36406250000000007 0.43125 0.4359375 0.4640625 0.4359375
28 0.4125 0.471875 0.3734375000000001 0.471875 0.3734375000000001 0.5609375 0.4125 0.5609375
7 0.44375 0.4515625 0.4125 0.4515625 0.4125 0.5265625 0.44375 0.5265625
13 0.6 0.521875 0.55625 0.521875 0.55625 0.6125 0.6 0.6125
1 0.1515625000000001 0.6953125 0.09375000000000008 0.6953125 0.09375000000000008 0.7953125 0.1515625000000001 0.7953125
12 0.0890625000000001 0.734375 0.04062500000000009 0.734375 0.04062500000000009 0.81875 0.08906250000000011 0.81875
29 0.05312500000000007 0.528125 0.014062500000000066 0.528125 0.01406250000000007 0.5953125 0.05312500000000007 0.5953125
29 0.07968750000000006 0.478125 0.045312500000000054 0.478125 0.04531250000000006 0.5453125 0.07968750000000006 0.5453125