30 0.8015625 0.46875000000000017 0.7328125 0.46875000000000017 0.7328125 0.5046875000000002 0.8015625 0.5046875000000002
13 0.4765625 0.55 0.37968750000000007 0.55 0.37968750000000007 0.5859375 0.4765625 0.5859375
38 0.29375000000000007 0.5765625 0.15000000000000008 0.5765625 0.15000000000000008 0.6171875 0.29375000000000007 0.6171875
28 0.5328125 0.3671875000000001 0.4421875 0.3671875000000001 0.4421875 0.4078125 0.5328125 0.4078125
7 0.5484375 0.4140625 0.465625 0.4140625 0.465625 0.4359375 0.5484375 0.4359375
37 0.571875 0.24218750000000008 0.5 0.24218750000000008 0.5 0.2671875000000001 0.571875 0.2671875000000001
35 0.6921875 0.1375000000000001 0.6109375 0.1375000000000001 0.6109375 0.16562500000000008 0.6921875 0.16562500000000008
1 0.296875 0.09687500000000003 0.203125 0.09687500000000002 0.203125 0.14687500000000003 0.296875 0.14687500000000003
12 0.265625 0.035937500000000025 0.16875 0.035937500000000025 0.16875 0.08906250000000002 0.265625 0.08906250000000002
29 0.4859375 0.014062500000000056 0.4078125 0.01406250000000005 0.4078125 0.05156250000000005 0.4859375 0.05156250000000007
15 0.54375 0.03906250000000006 0.46875 0.039062500000000056 0.46875 0.07031250000000007 0.54375 0.07031250000000007
20 0.528125 0.07187500000000006 0.475 0.07187500000000006 0.475 0.11562500000000005 0.528125 0.11562500000000005