30 0.8078125 0.4671875000000002 0.7609375 0.4671875000000002 0.7609375 0.49218750000000017 0.8078125 0.49218750000000017
13 0.475 0.5484375 0.3906250000000001 0.5484375 0.3906250000000001 0.5921875 0.475 0.5921875
10 0.3750000000000001 0.5703125 0.2640625000000001 0.5703125 0.2640625000000001 0.634375 0.3750000000000001 0.634375
37 0.5734375 0.2515625000000001 0.5078125 0.2515625000000001 0.5078125 0.2843750000000001 0.5734375 0.2843750000000001
28 0.534375 0.3843750000000001 0.45 0.3843750000000001 0.45 0.4265625 0.534375 0.4265625
1 0.34375 0.09843750000000004 0.253125 0.09843750000000002 0.253125 0.14218750000000005 0.34375 0.14218750000000005
12 0.2546875 0.0015625000000000268 0.1796875 0.0015625000000000222 0.1796875 0.04062500000000003 0.2546875 0.040625000000000036
29 0.4703125 0.021875000000000054 0.40625 0.02187500000000005 0.40625 0.05000000000000006 0.4703125 0.050000000000000065
15 0.5234375 0.048437500000000064 0.4609375 0.04843750000000006 0.4609375 0.07656250000000006 0.5234375 0.07656250000000006
20 0.5625 0.08906250000000007 0.5 0.08906250000000007 0.5 0.12031250000000007 0.5625 0.12031250000000009
0 0.825 0.2843750000000001 0.7828125 0.2843750000000001 0.7828125 0.3062500000000001 0.825 0.3062500000000001