30 0.7984375 0.4750000000000001 0.7171875 0.475 0.7171875 0.5078125000000001 0.7984375 0.5078125000000002
0 0.7796875 0.3468750000000001 0.746875 0.3468750000000001 0.746875 0.3687500000000001 0.7796875 0.3687500000000001
15 0.840625 0.2953125000000001 0.76875 0.2953125000000001 0.76875 0.3109375000000001 0.840625 0.3109375000000001
3 0.71875 0.2765625000000001 0.665625 0.2765625000000001 0.665625 0.29375000000000007 0.71875 0.29375000000000007
37 0.5515625 0.2250000000000001 0.5046875 0.2250000000000001 0.5046875 0.2593750000000001 0.5515625 0.2593750000000001
10 0.4703125 0.3500000000000001 0.4015625 0.3500000000000001 0.4015625 0.3937500000000001 0.4703125 0.3937500000000001
13 0.49375 0.465625 0.415625 0.465625 0.415625 0.50625 0.49375 0.50625
20 0.70625 0.10156250000000008 0.65 0.10156250000000008 0.65 0.12343750000000009 0.70625 0.12343750000000009
29 0.534375 0.03437500000000006 0.484375 0.03437500000000006 0.484375 0.06718750000000007 0.534375 0.06718750000000007
1 0.309375 0.10468750000000004 0.20625 0.10468750000000004 0.20625 0.15312500000000004 0.309375 0.15312500000000004
12 0.265625 0.037500000000000026 0.1984375 0.03750000000000002 0.1984375 0.07500000000000002 0.265625 0.07500000000000002