30 0.5046875 0.2015625000000001 0.46875 0.2015625000000001 0.46875 0.24375000000000008 0.5046875 0.24375000000000008
13 0.6015625 0.53125 0.5578125 0.53125 0.5578125 0.6234375 0.6015625 0.6234375
28 0.409375 0.45625 0.3734375000000001 0.45625 0.3734375000000001 0.5671875 0.409375 0.5671875
7 0.434375 0.45625 0.4125 0.45625 0.4125 0.53125 0.434375 0.53125
37 0.2765625000000001 0.4453125 0.2390625000000001 0.4453125 0.2390625000000001 0.4953125 0.2765625000000001 0.4953125
1 0.1593750000000001 0.6953125 0.10000000000000009 0.6953125 0.10000000000000009 0.7703125 0.1593750000000001 0.7703125
12 0.0921875000000001 0.71875 0.02968750000000009 0.71875 0.029687500000000096 0.821875 0.09218750000000012 0.821875
29 0.06406250000000006 0.546875 0.040625000000000064 0.546875 0.04062500000000007 0.6046875 0.06406250000000006 0.6046875
20 0.09687500000000007 0.4984375 0.07187500000000006 0.4984375 0.07187500000000006 0.5484375 0.09687500000000007 0.5484375
11 0.05781250000000006 0.45 0.039062500000000056 0.45 0.039062500000000056 0.4984375 0.057812500000000065 0.4984375
10 0.11718750000000004 0.3875 0.08593750000000004 0.3875 0.08593750000000004 0.4359375 0.11718750000000004 0.4359375