30 0.5328125000000001 0.75625 0.4968750000000002 0.75625 0.4968750000000002 0.8 0.5328125000000001 0.8
13 0.4421875 0.3765625000000001 0.3984375000000001 0.3765625000000001 0.3984375000000001 0.46875 0.4421875 0.46875
28 0.6265625 0.434375 0.590625 0.434375 0.590625 0.5453125 0.6265625 0.5453125
7 0.5875 0.46875 0.565625 0.46875 0.565625 0.54375 0.5875 0.54375
37 0.7625 0.5046875000000001 0.725 0.5046875 0.725 0.5546875000000001 0.7625 0.5546875000000002
1 0.9015625 0.2296875000000001 0.8421875 0.2296875000000001 0.8421875 0.3046875000000001 0.9015625 0.3046875000000001
12 0.971875 0.17968750000000014 0.909375 0.17968750000000014 0.909375 0.2828125000000001 0.971875 0.2828125000000001
29 0.9609375 0.39531250000000007 0.9375 0.39531250000000007 0.9375 0.45312500000000017 0.9609375 0.45312500000000017
20 0.928125 0.45312500000000017 0.903125 0.45312500000000017 0.903125 0.5031250000000002 0.928125 0.5031250000000002
11 0.9609375 0.5015625000000001 0.9421875 0.5015625000000001 0.9421875 0.5500000000000002 0.9609375 0.5500000000000002
10 0.9140625 0.5656250000000002 0.8828125 0.5656250000000002 0.8828125 0.6125000000000002 0.9140625 0.6125000000000002