30 0.53125 0.19531250000000006 0.49375 0.19531250000000006 0.49375 0.25468750000000007 0.53125 0.25468750000000007
0 0.6515625 0.2062500000000001 0.6265625 0.2062500000000001 0.6265625 0.2562500000000001 0.6515625 0.2562500000000001
15 0.703125 0.1671875000000001 0.6875 0.1671875000000001 0.6875 0.20312500000000008 0.703125 0.20312500000000008
3 0.7546875 0.2750000000000001 0.715625 0.2750000000000001 0.715625 0.3218750000000001 0.7546875 0.3218750000000001
20 0.8953125 0.2765625000000001 0.8671875 0.2765625000000001 0.8671875 0.3421875000000001 0.8953125 0.3421875000000001
14 0.7859375 0.5250000000000001 0.7265625 0.5250000000000001 0.7265625 0.6718750000000002 0.7859375 0.6718750000000002
10 0.6625 0.48125 0.625 0.48125 0.625 0.553125 0.6625 0.553125
13 0.5328125 0.5125 0.5046875 0.5125 0.5046875 0.584375 0.5328125 0.584375
1 0.8984375 0.6937500000000002 0.8578125 0.6937500000000002 0.8578125 0.7875000000000002 0.8984375 0.7875000000000002
12 0.975 0.7234375000000002 0.921875 0.7234375000000002 0.921875 0.8203125 0.975 0.8203125
16 0.14687500000000012 0.7640625 0.09375000000000008 0.7640625 0.0937500000000001 0.9796875 0.14687500000000014 0.9796875