30 0.5265625000000002 0.7546875 0.5046875000000002 0.7546875 0.5046875000000002 0.8015625 0.5265625000000002 0.8015625
34 0.6031250000000001 0.696875 0.5765625 0.696875 0.5765625000000001 0.759375 0.6031250000000001 0.759375
38 0.765625 0.5687500000000002 0.728125 0.5687500000000002 0.728125 0.6390625000000002 0.765625 0.6390625000000002
37 0.696875 0.475 0.6640625 0.475 0.6640625 0.528125 0.696875 0.528125
0 0.6953125000000002 0.7875 0.6765625000000002 0.7875 0.6765625000000002 0.825 0.6953125000000002 0.825
13 0.4359375 0.38750000000000007 0.3921875000000001 0.38750000000000007 0.3921875000000001 0.471875 0.4359375 0.471875
28 0.6234375 0.4375 0.5890625 0.4375 0.5890625 0.525 0.6234375 0.525
7 0.590625 0.465625 0.5609375 0.465625 0.5609375 0.5375 0.590625 0.5375
20 0.9046875 0.49531250000000016 0.8765625 0.49531250000000016 0.8765625 0.5578125000000002 0.9046875 0.5578125000000002
29 0.984375 0.4078125000000002 0.953125 0.4078125000000002 0.953125 0.4703125000000002 0.984375 0.4703125000000002
15 0.959375 0.4578125000000002 0.928125 0.4578125000000002 0.928125 0.5203125000000002 0.959375 0.5203125000000002
1 0.90625 0.2218750000000001 0.8625 0.2218750000000001 0.8625 0.3062500000000001 0.90625 0.3062500000000001
12 0.9515625 0.18750000000000014 0.9140625 0.18750000000000014 0.9140625 0.2687500000000001 0.9515625 0.2687500000000001