30 0.4921875 0.19218750000000004 0.4671875 0.19218750000000004 0.4671875 0.2406250000000001 0.4921875 0.2406250000000001
13 0.5921875 0.525 0.5484375 0.525 0.5484375 0.609375 0.5921875 0.609375
10 0.6343750000000001 0.6265625 0.5703125 0.6265625 0.5703125000000001 0.7375 0.6343750000000001 0.7375
37 0.2843750000000001 0.4265625 0.2515625000000001 0.4265625 0.2515625000000001 0.4921875 0.2843750000000001 0.4921875
28 0.4265625 0.4671875 0.3843750000000001 0.4671875 0.3843750000000001 0.5515625 0.4265625 0.5515625
1 0.14062500000000008 0.65625 0.0984375000000001 0.65625 0.0984375000000001 0.746875 0.14062500000000008 0.746875
12 0.04062500000000009 0.7453125 0.0015625000000000916 0.7453125 0.0015625000000000961 0.8203125 0.0406250000000001 0.8203125
29 0.050000000000000065 0.53125 0.020312500000000067 0.53125 0.02031250000000007 0.5953125 0.050000000000000065 0.5953125
15 0.07656250000000006 0.4765625 0.04843750000000006 0.4765625 0.048437500000000064 0.5390625 0.07656250000000006 0.5390625
20 0.12031250000000004 0.4375 0.08750000000000005 0.4375 0.08750000000000005 0.5 0.12031250000000004 0.5
0 0.3046875 0.17500000000000004 0.284375 0.17500000000000004 0.284375 0.2171875 0.3046875 0.2171875