13 0.609375 0.534375 0.5609375 0.534375 0.5609375 0.6171875 0.609375 0.6171875
30 0.5046875 0.20312500000000008 0.478125 0.20312500000000008 0.478125 0.2484375000000001 0.5046875 0.2484375000000001
37 0.2984375000000001 0.421875 0.2656250000000001 0.421875 0.2656250000000001 0.490625 0.2984375000000001 0.490625
20 0.10000000000000006 0.4765625 0.07031250000000007 0.4765625 0.07031250000000007 0.5453125 0.10000000000000009 0.5453125
10 0.10625000000000004 0.4125 0.07968750000000005 0.4125 0.07968750000000005 0.4640625 0.10625000000000004 0.4640625
1 0.14218750000000008 0.6921875 0.09531250000000009 0.6921875 0.09531250000000009 0.7734375 0.14218750000000008 0.7734375
12 0.0875000000000001 0.7328125 0.05156250000000009 0.7328125 0.0515625000000001 0.81875 0.0875000000000001 0.81875
29 0.05156250000000007 0.528125 0.021875000000000068 0.528125 0.021875000000000068 0.59375 0.05156250000000007 0.59375
15 0.07343750000000007 0.4796875 0.05156250000000007 0.4796875 0.05156250000000007 0.5421875 0.07343750000000007 0.5421875
28 0.3968750000000001 0.46875 0.3609375000000001 0.46875 0.3609375000000001 0.5546875 0.3968750000000001 0.5546875
7 0.41875 0.45625 0.38750000000000007 0.45625 0.38750000000000007 0.53125 0.41875 0.53125