12 0.08125000000000003 0.171875 0.043750000000000025 0.171875 0.043750000000000025 0.28125 0.08125000000000004 0.28125
1 0.14218750000000005 0.1921875 0.09062500000000002 0.1921875 0.09062500000000004 0.3390625 0.14218750000000005 0.3390625
29 0.04531250000000005 0.3859375 0.01406250000000005 0.3859375 0.014062500000000056 0.4796875 0.045312500000000054 0.4796875
15 0.07343750000000006 0.434375 0.04218750000000006 0.434375 0.04218750000000006 0.528125 0.07343750000000007 0.528125
20 0.11562500000000006 0.5046875 0.08281250000000007 0.5046875 0.08281250000000007 0.5859375 0.11562500000000009 0.5859375
37 0.28593750000000007 0.50625 0.24218750000000008 0.50625 0.24218750000000008 0.590625 0.28593750000000007 0.590625
38 0.3531250000000001 0.5453125 0.3156250000000001 0.5453125 0.3156250000000001 0.6125 0.3531250000000001 0.6125
7 0.453125 0.46875 0.415625 0.46875 0.415625 0.553125 0.453125 0.553125
34 0.4734375 0.5625 0.4265625 0.5625 0.4265625 0.65 0.4734375 0.65
28 0.409375 0.4234375 0.3750000000000001 0.4234375 0.3750000000000001 0.5359375 0.409375 0.5359375
10 0.6375 0.3000000000000001 0.571875 0.3000000000000001 0.571875 0.40625 0.6375 0.40625
13 0.60625 0.4140625 0.553125 0.4140625 0.553125 0.5046875 0.60625 0.5046875
35 0.5328125 0.3281250000000001 0.4890625 0.3281250000000001 0.4890625 0.44375 0.5328125 0.44375
0 0.3140625000000001 0.7515625 0.2796875000000001 0.7515625 0.2796875000000001 0.8171875 0.3140625000000001 0.8171875
30 0.5109375 0.725 0.4765625 0.725 0.4765625000000001 0.7984375 0.5109375000000002 0.7984375