30 0.5078125 0.2015625000000001 0.475 0.2015625000000001 0.475 0.2828125000000001 0.5078125 0.2828125000000001
0 0.36875 0.22031250000000005 0.346875 0.2203125 0.346875 0.25312500000000004 0.36875 0.2531250000000001
15 0.3109375 0.15937500000000004 0.2953125 0.15937500000000004 0.2953125 0.2328125 0.3109375 0.2328125
3 0.29375 0.2828125 0.2765625 0.2828125 0.2765625 0.3359375 0.29375 0.3359375
37 0.2593750000000001 0.4484375 0.2250000000000001 0.4484375 0.2250000000000001 0.4953125 0.2593750000000001 0.4953125
10 0.3937500000000001 0.5296875 0.3500000000000001 0.5296875 0.3500000000000001 0.5984375 0.3937500000000001 0.5984375
13 0.5046875 0.50625 0.465625 0.50625 0.465625 0.5859375 0.5046875 0.5859375
20 0.12343750000000005 0.29375 0.10156250000000004 0.29375 0.10156250000000004 0.35 0.12343750000000005 0.35
29 0.06718750000000007 0.465625 0.03437500000000006 0.465625 0.03437500000000006 0.5171875 0.06718750000000007 0.5171875
1 0.1531250000000001 0.690625 0.10468750000000009 0.690625 0.10468750000000009 0.79375 0.1531250000000001 0.79375
12 0.0750000000000001 0.7359375 0.03750000000000009 0.7359375 0.037500000000000096 0.803125 0.0750000000000001 0.803125