30 0.80625 0.4734375000000002 0.74375 0.4734375000000002 0.74375 0.5187500000000002 0.80625 0.5187500000000002
3 0.8015625 0.2640625000000001 0.7484375 0.2640625000000001 0.7484375 0.2921875000000001 0.8015625 0.2921875000000001
0 0.84375 0.3218750000000001 0.78125 0.3218750000000001 0.78125 0.3437500000000001 0.84375 0.3437500000000001
37 0.5390625 0.30156250000000007 0.4640625 0.30156250000000007 0.4640625 0.3453125000000001 0.5390625 0.3453125000000001
28 0.5171875 0.3734375000000001 0.4296875 0.3734375000000001 0.4296875 0.4125 0.5171875 0.4125
7 0.5421875 0.4140625 0.4515625 0.4140625 0.4515625 0.4390625 0.5421875 0.4390625
10 0.4015625 0.58125 0.3000000000000001 0.58125 0.3000000000000001 0.646875 0.4015625 0.646875
13 0.496875 0.5359375 0.4015625 0.5359375 0.4015625 0.590625 0.496875 0.590625
1 0.31875 0.09531250000000004 0.215625 0.09531250000000002 0.215625 0.14843750000000006 0.31875 0.14843750000000006
20 0.5546875 0.10156250000000007 0.4609375 0.10156250000000004 0.4609375 0.13750000000000007 0.5546875 0.1375000000000001
29 0.475 0.015625000000000052 0.403125 0.01562500000000005 0.403125 0.05000000000000006 0.475 0.050000000000000065
15 0.528125 0.04218750000000006 0.45625 0.04218750000000006 0.45625 0.07656250000000006 0.528125 0.07656250000000006
35 0.4234375 0.4828125 0.3187500000000001 0.4828125 0.3187500000000001 0.5328125 0.4234375 0.5328125