30 0.503125 0.19531250000000006 0.4765625 0.19531250000000006 0.4765625 0.2562500000000001 0.503125 0.2562500000000001
0 0.45625 0.2218750000000001 0.4375 0.2218750000000001 0.4375 0.2796875000000001 0.45625 0.2796875000000001
3 0.4265625 0.18281250000000004 0.403125 0.18281250000000004 0.403125 0.24218750000000008 0.4265625 0.24218750000000008
10 0.6859375 0.571875 0.621875 0.571875 0.621875 0.7125 0.6859375 0.7125
35 0.525 0.525 0.4703125 0.525 0.4703125 0.659375 0.525 0.659375
13 0.596875 0.5140625 0.5546875 0.5140625 0.5546875 0.596875 0.596875 0.596875
37 0.3437500000000001 0.4671875 0.3046875000000001 0.4671875 0.3046875000000001 0.5265625 0.3437500000000001 0.5265625
28 0.4125 0.478125 0.3734375000000001 0.478125 0.3734375000000001 0.565625 0.4125 0.565625
7 0.44375 0.45625 0.4109375 0.45625 0.4109375 0.5390625 0.44375 0.5390625
1 0.1437500000000001 0.6875 0.09218750000000009 0.6875 0.09218750000000009 0.7734375 0.1437500000000001 0.7734375
12 0.0828125000000001 0.7265625 0.04843750000000009 0.7265625 0.04843750000000009 0.81875 0.08281250000000011 0.81875
29 0.050000000000000065 0.5328125 0.017187500000000067 0.5328125 0.01718750000000007 0.59375 0.050000000000000065 0.59375
15 0.07187500000000006 0.4734375 0.046875000000000056 0.4734375 0.04687500000000006 0.546875 0.07187500000000006 0.546875
20 0.11093750000000005 0.4578125 0.08281250000000007 0.4578125 0.08281250000000007 0.5203125 0.11093750000000005 0.5203125