30 0.4968750000000002 0.7578125 0.4750000000000002 0.7578125 0.4750000000000002 0.8015625 0.4968750000000002 0.8015625
37 0.34062500000000007 0.4765625 0.3046875000000001 0.4765625 0.3046875000000001 0.5265625 0.34062500000000007 0.5265625
7 0.4359375 0.46875 0.4078125 0.46875 0.4078125 0.5421875 0.4359375 0.5421875
28 0.4078125 0.4359375 0.37187500000000007 0.4359375 0.37187500000000007 0.5234375 0.4078125 0.5234375
13 0.5875 0.40625 0.5484375 0.40625 0.5484375 0.5046875 0.5875 0.5046875
10 0.6328125 0.3000000000000001 0.5765625 0.3000000000000001 0.5765625 0.4046875 0.6328125 0.4046875
20 0.14062500000000006 0.528125 0.11562500000000005 0.528125 0.11562500000000006 0.5953125 0.14062500000000008 0.5953125
15 0.07343750000000007 0.459375 0.046875000000000056 0.459375 0.04687500000000006 0.528125 0.07343750000000007 0.528125
29 0.04687500000000005 0.4046875 0.02031250000000005 0.4046875 0.020312500000000053 0.46875 0.046875000000000056 0.46875
1 0.14218750000000005 0.225 0.09375000000000003 0.225 0.09375000000000003 0.3078125 0.14218750000000005 0.3078125
12 0.08437500000000002 0.18125 0.050000000000000024 0.18125 0.050000000000000024 0.271875 0.08437500000000002 0.271875
3 0.2000000000000001 0.3703125 0.13906250000000003 0.3703125 0.13906250000000003 0.4703125 0.2000000000000001 0.4703125
0 0.5203125000000002 0.7390625 0.4984375000000002 0.7390625 0.4984375000000002 0.7921875 0.5203125000000002 0.7921875