30 0.4875 0.19531250000000006 0.465625 0.19531250000000006 0.465625 0.24218750000000008 0.4875 0.24218750000000008
0 0.315625 0.18125000000000005 0.29375 0.18125000000000005 0.29375 0.21875 0.315625 0.21875
38 0.3656250000000001 0.37812500000000004 0.33281250000000007 0.378125 0.33281250000000007 0.4390625 0.3656250000000001 0.4390625
37 0.28593750000000007 0.428125 0.25468750000000007 0.428125 0.25468750000000007 0.490625 0.28593750000000007 0.490625
34 0.4453125 0.3703125000000001 0.4140625 0.3703125000000001 0.4140625 0.4421875 0.4453125 0.4421875
13 0.5703125 0.496875 0.53125 0.496875 0.53125 0.590625 0.5703125 0.590625
35 0.54375 0.58125 0.4859375 0.58125 0.4859375 0.6765625 0.54375 0.6765625
28 0.428125 0.475 0.39531250000000007 0.475 0.39531250000000007 0.55625 0.428125 0.55625
20 0.13437500000000005 0.40625 0.10468750000000004 0.40625 0.10468750000000004 0.4640625 0.13437500000000005 0.4640625
29 0.04687500000000007 0.50625 0.01718750000000006 0.50625 0.017187500000000064 0.5625 0.04687500000000007 0.5625
15 0.06093750000000007 0.4734375 0.03593750000000005 0.4734375 0.03593750000000006 0.53125 0.06093750000000007 0.53125
1 0.15000000000000008 0.6890625 0.11250000000000009 0.6890625 0.11250000000000009 0.78125 0.15000000000000008 0.78125
12 0.0390625000000001 0.7484375 0.0015625000000000916 0.7484375 0.0015625000000000961 0.81875 0.0390625000000001 0.81875