30 0.5281250000000002 0.7421875 0.4937500000000002 0.7421875 0.4937500000000002 0.784375 0.5281250000000002 0.784375
34 0.5453125 0.5171875 0.509375 0.5171875 0.509375 0.61875 0.5453125 0.61875
38 0.6734375 0.2812500000000001 0.6203125 0.2812500000000001 0.6203125 0.421875 0.6734375 0.421875
37 0.6984375 0.4765625 0.6828125 0.4765625 0.6828125 0.5546875 0.6984375 0.5546875
7 0.68125 0.4765625 0.65 0.4765625 0.65 0.5421875 0.68125 0.5421875
29 0.978125 0.3828125000000001 0.95 0.3828125000000001 0.95 0.4515625000000002 0.978125 0.4515625000000002
11 0.9859375 0.4671875000000002 0.95625 0.4671875000000002 0.95625 0.5203125000000002 0.9859375 0.5203125000000002
28 0.9765625 0.5218750000000002 0.95 0.5218750000000002 0.95 0.5718750000000001 0.9765625 0.5718750000000001
20 0.921875 0.44843750000000016 0.89375 0.44843750000000016 0.89375 0.4984375000000002 0.921875 0.4984375000000002
10 0.91875 0.5171875000000001 0.8875 0.5171875000000001 0.8875 0.5796875000000001 0.91875 0.5796875000000001
1 0.9078125 0.2812500000000001 0.8703125 0.2812500000000001 0.8703125 0.37187500000000007 0.9078125 0.37187500000000007
12 0.971875 0.16875000000000012 0.9265625 0.16875000000000012 0.9265625 0.2750000000000001 0.971875 0.2750000000000001