10 0.675 0.24218750000000008 0.603125 0.24218750000000008 0.603125 0.4015625 0.675 0.4015625
13 0.5703125 0.4203125 0.5078125 0.4203125 0.5078125 0.5328125 0.5703125 0.5328125
35 0.5046875 0.3453125000000001 0.459375 0.3453125000000001 0.459375 0.4453125 0.5046875 0.4453125
37 0.29375000000000007 0.5 0.2500000000000001 0.5 0.2500000000000001 0.5890625 0.29375000000000007 0.5890625
0 0.32500000000000007 0.759375 0.2984375000000001 0.759375 0.2984375000000001 0.846875 0.32500000000000007 0.846875
38 0.3765625000000001 0.5171875 0.3421875000000001 0.5171875 0.3421875000000001 0.6234375 0.3765625000000001 0.6234375
28 0.4203125 0.4296875 0.3859375000000001 0.4296875 0.3859375000000001 0.5515625 0.4203125 0.5515625
7 0.446875 0.4734375 0.41875 0.4734375 0.41875 0.5640625 0.446875 0.5640625
34 0.4578125 0.559375 0.4140625 0.559375 0.4140625 0.628125 0.4578125 0.628125
1 0.17812500000000003 0.1984375 0.10937500000000004 0.1984375 0.10937500000000004 0.3171875 0.17812500000000003 0.3171875
12 0.05625000000000002 0.1578125 0.014062500000000016 0.1578125 0.014062500000000025 0.2609375 0.05625000000000002 0.2609375
29 0.048437500000000064 0.41875 0.00937500000000005 0.41875 0.009375000000000057 0.521875 0.048437500000000064 0.521875
15 0.07031250000000007 0.4609375 0.045312500000000054 0.4609375 0.04531250000000006 0.5421875 0.07031250000000007 0.5421875
20 0.10312500000000006 0.478125 0.07968750000000006 0.478125 0.07968750000000006 0.55 0.10312500000000009 0.55