30 0.5015625 0.20468750000000008 0.478125 0.20468750000000008 0.478125 0.2515625000000001 0.5015625 0.2515625000000001
10 0.66875 0.603125 0.609375 0.603125 0.609375 0.7125 0.66875 0.7125
13 0.6015625 0.5296875 0.5578125 0.5296875 0.5578125 0.6140625 0.6015625 0.6140625
28 0.4140625 0.475 0.37968750000000007 0.475 0.37968750000000007 0.5609375 0.4140625 0.5609375
7 0.4328125 0.45625 0.4046875 0.45625 0.4046875 0.528125 0.4328125 0.528125
37 0.34062500000000007 0.4734375 0.3062500000000001 0.4734375 0.3062500000000001 0.521875 0.34062500000000007 0.521875
29 0.023437500000000066 0.5125 0.0015625000000000625 0.5125 0.0015625000000000662 0.575 0.023437500000000073 0.575
15 0.07656250000000006 0.4796875 0.050000000000000065 0.4796875 0.050000000000000065 0.546875 0.07656250000000006 0.546875
20 0.12656250000000005 0.4203125 0.10000000000000005 0.4203125 0.10000000000000005 0.4859375 0.12656250000000005 0.4859375
1 0.1468750000000001 0.690625 0.10312500000000009 0.690625 0.10312500000000009 0.7734375 0.1468750000000001 0.7734375
12 0.0859375000000001 0.73125 0.04687500000000009 0.73125 0.0468750000000001 0.8203125 0.08593750000000011 0.8203125