30 0.5265625 0.2015625000000001 0.49375 0.2015625000000001 0.49375 0.2828125000000001 0.5265625 0.2828125000000001
0 0.653125 0.22031250000000008 0.63125 0.22031250000000008 0.63125 0.2531250000000001 0.653125 0.2531250000000001
15 0.70625 0.1609375000000001 0.690625 0.1609375000000001 0.690625 0.2328125000000001 0.70625 0.2328125000000001
3 0.7234375 0.2828125000000001 0.70625 0.2828125000000001 0.70625 0.3359375000000001 0.7234375 0.3359375000000001
37 0.775 0.44843750000000016 0.740625 0.44843750000000016 0.740625 0.49531250000000016 0.775 0.49531250000000016
10 0.6515625 0.5296875 0.6078125 0.5296875 0.6078125 0.5984375 0.6515625 0.5984375
13 0.5359375 0.5078125 0.4953125 0.5078125 0.4953125 0.5859375 0.5359375 0.5859375
20 0.8984375 0.29375000000000007 0.8765625 0.29375000000000007 0.8765625 0.3500000000000001 0.8984375 0.3500000000000001
29 0.9671875 0.4671875000000002 0.934375 0.4671875000000002 0.934375 0.5171875000000001 0.9671875 0.5171875000000001
1 0.8953125 0.6906250000000002 0.846875 0.6906250000000002 0.846875 0.7937500000000002 0.8953125 0.7937500000000002
12 0.9640625 0.7359375000000001 0.9265625 0.7359375000000001 0.9265625 0.803125 0.9640625 0.803125