30 0.803125 0.46406250000000016 0.75625 0.46406250000000016 0.75625 0.4859375000000002 0.803125 0.4859375000000002
0 0.8234375 0.3000000000000001 0.7828125 0.3000000000000001 0.7828125 0.3187500000000001 0.8234375 0.3187500000000001
13 0.48125 0.5359375 0.3859375000000001 0.5359375 0.3859375000000001 0.5734375 0.48125 0.5734375
7 0.5625 0.4015625 0.4890625 0.4015625 0.4890625 0.4328125 0.5625 0.4328125
38 0.59375 0.3421875000000001 0.534375 0.3421875000000001 0.534375 0.3734375000000001 0.59375 0.3734375000000001
37 0.571875 0.2656250000000001 0.50625 0.2656250000000001 0.50625 0.2906250000000001 0.571875 0.2906250000000001
20 0.590625 0.10000000000000006 0.528125 0.10000000000000005 0.528125 0.12500000000000006 0.590625 0.12500000000000008
29 0.50625 0.014062500000000058 0.4484375 0.014062500000000056 0.4484375 0.04218750000000006 0.50625 0.042187500000000065
15 0.53125 0.04375000000000006 0.46875 0.04375000000000005 0.46875 0.06875000000000006 0.53125 0.06875000000000006
1 0.3125 0.10937500000000004 0.225 0.10937500000000004 0.225 0.15000000000000005 0.3125 0.15000000000000005
12 0.234375 0.04843750000000003 0.146875 0.04843750000000002 0.146875 0.08593750000000003 0.234375 0.08593750000000003
28 0.5359375 0.3703125000000001 0.4484375 0.3703125000000001 0.4484375 0.4046875 0.5359375 0.4046875