30 0.4890625 0.2000000000000001 0.465625 0.2000000000000001 0.465625 0.24375000000000008 0.4890625 0.24375000000000008
37 0.28593750000000007 0.4234375 0.2593750000000001 0.4234375 0.2593750000000001 0.496875 0.28593750000000007 0.496875
13 0.5484375 0.5171875 0.5125 0.5171875 0.5125 0.6015625 0.5484375 0.6015625
28 0.425 0.478125 0.38750000000000007 0.478125 0.38750000000000007 0.5609375 0.425 0.5609375
34 0.4515625 0.3812500000000001 0.425 0.3812500000000001 0.425 0.4421875 0.4515625 0.4421875
38 0.3703125000000001 0.39843750000000006 0.3390625000000001 0.3984375 0.3390625000000001 0.465625 0.3703125000000001 0.465625
10 0.6359375 0.621875 0.5765625 0.621875 0.5765625000000001 0.7265625 0.6359375000000002 0.7265625
1 0.1531250000000001 0.690625 0.11250000000000009 0.690625 0.11250000000000009 0.7828125 0.1531250000000001 0.7828125
12 0.0468750000000001 0.7515625 0.009375000000000092 0.7515625 0.009375000000000097 0.83125 0.0468750000000001 0.83125
20 0.10625000000000004 0.453125 0.07656250000000005 0.453125 0.07656250000000006 0.5140625 0.10625000000000004 0.5140625
29 0.04375000000000007 0.503125 0.015625000000000062 0.503125 0.015625000000000062 0.5640625 0.04375000000000007 0.5640625
15 0.06562500000000007 0.4734375 0.04062500000000006 0.4734375 0.040625000000000064 0.5328125 0.06562500000000007 0.5328125