37 0.3437500000000001 0.471875 0.3031250000000001 0.471875 0.3031250000000001 0.5234375 0.3437500000000001 0.5234375
15 0.07500000000000007 0.4765625 0.046875000000000056 0.4765625 0.04687500000000006 0.54375 0.07500000000000007 0.54375
20 0.10937500000000004 0.4515625 0.08125000000000004 0.4515625 0.08125000000000006 0.525 0.10937500000000004 0.525
28 0.4140625 0.4703125 0.37968750000000007 0.4703125 0.37968750000000007 0.559375 0.4140625 0.559375
7 0.4328125 0.459375 0.4015625 0.459375 0.4015625 0.528125 0.4328125 0.528125
10 0.6515625 0.5953125 0.5875 0.5953125 0.5875 0.7046875 0.6515625 0.7046875
13 0.603125 0.5375 0.5609375 0.5375 0.5609375 0.640625 0.603125 0.640625
35 0.5390625 0.59375 0.490625 0.59375 0.490625 0.7046875 0.5390625 0.7046875
30 0.503125 0.2062500000000001 0.478125 0.2062500000000001 0.478125 0.2578125000000001 0.503125 0.2578125000000001
29 0.04843750000000007 0.534375 0.020312500000000067 0.534375 0.02031250000000007 0.59375 0.04843750000000008 0.59375
1 0.13437500000000008 0.6609375 0.0828125000000001 0.6609375 0.0828125000000001 0.740625 0.13437500000000008 0.740625
12 0.0875000000000001 0.7328125 0.042187500000000086 0.7328125 0.04218750000000009 0.81875 0.0875000000000001 0.81875