30 0.4984375 0.18593750000000003 0.4546875 0.18593750000000003 0.4546875 0.2515625000000001 0.4984375 0.2515625000000001
0 0.3140625 0.17031250000000003 0.2953125 0.17031250000000003 0.2953125 0.2234375 0.3140625 0.2234375
37 0.2890625000000001 0.40625 0.2234375000000001 0.40625 0.2234375000000001 0.503125 0.2890625000000001 0.503125
38 0.3500000000000001 0.3890625 0.3125000000000001 0.3890625 0.3125000000000001 0.4640625 0.3500000000000001 0.4640625
28 0.41875 0.4609375 0.3843750000000001 0.4609375 0.3843750000000001 0.5703125 0.41875 0.5703125
7 0.44375 0.4390625 0.4171875 0.4390625 0.4171875 0.534375 0.44375 0.534375
10 0.6609375000000001 0.603125 0.6015625 0.603125 0.6015625000000001 0.740625 0.6609375000000002 0.740625
13 0.6125 0.50625 0.5546875 0.50625 0.5546875 0.6140625 0.6125 0.6140625
1 0.1625000000000001 0.65625 0.09687500000000009 0.65625 0.09687500000000009 0.778125 0.1625000000000001 0.778125
12 0.0500000000000001 0.7140625 8.744743550161569e-17 0.7140625 9.644093543285407e-17 0.8609375 0.050000000000000114 0.8609375
20 0.11875000000000005 0.4234375 0.07812500000000004 0.4234375 0.07812500000000006 0.4890625 0.11875000000000005 0.4890625
29 0.06875000000000006 0.5109375 0.028125000000000067 0.5109375 0.028125000000000067 0.5765625 0.06875000000000006 0.5765625