30 0.5328125 0.2015625000000001 0.496875 0.2015625000000001 0.496875 0.2453125000000001 0.5328125 0.2453125000000001
13 0.4421875 0.53125 0.3984375000000001 0.53125 0.3984375000000001 0.6234375 0.4421875 0.6234375
28 0.6265625 0.45625 0.590625 0.45625 0.590625 0.5671875 0.6265625 0.5671875
7 0.5875 0.45625 0.565625 0.45625 0.565625 0.53125 0.5875 0.53125
37 0.7625 0.4453125000000001 0.725 0.4453125 0.725 0.4953125000000001 0.7625 0.49531250000000016
1 0.9015625 0.6953125000000002 0.8421875 0.6953125000000002 0.8421875 0.7703125000000002 0.9015625 0.7703125000000002
12 0.971875 0.7187500000000002 0.909375 0.7187500000000002 0.909375 0.821875 0.971875 0.821875
29 0.9609375 0.5468750000000002 0.9375 0.5468750000000002 0.9375 0.6046875000000002 0.9609375 0.6046875000000002
20 0.928125 0.4984375000000002 0.903125 0.4984375000000002 0.903125 0.5484375000000001 0.928125 0.5484375000000001
11 0.9609375 0.4500000000000002 0.9421875 0.4500000000000002 0.9421875 0.4984375000000002 0.9609375 0.4984375000000002
10 0.9140625 0.3890625000000001 0.8828125 0.3890625000000001 0.8828125 0.4359375000000002 0.9140625 0.4359375000000002