30 0.5046875 0.2000000000000001 0.46875 0.2000000000000001 0.46875 0.2671875000000001 0.5046875 0.2671875000000001
13 0.5859375 0.5234375 0.55 0.5234375 0.55 0.621875 0.5859375 0.621875
38 0.6171875000000001 0.70625 0.5765625 0.70625 0.5765625000000001 0.85 0.6171875000000002 0.85
28 0.4078125 0.46875 0.3671875000000001 0.46875 0.3671875000000001 0.559375 0.4078125 0.559375
7 0.4359375 0.4515625 0.4140625 0.4515625 0.4140625 0.534375 0.4359375 0.534375
37 0.2671875000000001 0.428125 0.24218750000000008 0.428125 0.24218750000000008 0.5015625 0.2671875000000001 0.5015625
35 0.16562500000000005 0.3078125 0.13750000000000004 0.3078125 0.13750000000000004 0.390625 0.16562500000000005 0.390625
1 0.1453125000000001 0.7046875 0.09687500000000009 0.7046875 0.09687500000000009 0.7984375 0.1453125000000001 0.7984375
12 0.0890625000000001 0.734375 0.03593750000000009 0.734375 0.035937500000000094 0.83125 0.08906250000000011 0.83125
29 0.05156250000000007 0.5140625 0.014062500000000061 0.5140625 0.014062500000000066 0.5921875 0.05156250000000007 0.5921875
15 0.07031250000000007 0.45625 0.039062500000000056 0.45625 0.03906250000000006 0.5328125 0.07031250000000007 0.5328125
20 0.11562500000000005 0.4734375 0.07031250000000007 0.4734375 0.07031250000000007 0.525 0.11562500000000005 0.525