30 0.2515625000000001 0.475 0.19375000000000003 0.475 0.19375000000000003 0.5 0.2515625000000001 0.5
38 0.828125 0.5593750000000001 0.70625 0.559375 0.70625 0.6125 0.828125 0.6125000000000002
34 0.79375 0.4671875000000001 0.65 0.4671875 0.65 0.5203125000000001 0.79375 0.5203125000000002
13 0.6125 0.559375 0.534375 0.559375 0.534375 0.59375 0.6125 0.59375
35 0.6453125 0.484375 0.5578125 0.484375 0.5578125 0.528125 0.6453125 0.528125
28 0.5578125 0.3687500000000001 0.4765625 0.3687500000000001 0.4765625 0.4046875 0.5578125 0.4046875
7 0.5296875 0.40625 0.453125 0.40625 0.453125 0.4375 0.5296875 0.4375
37 0.5015625 0.22656250000000008 0.4234375 0.22656250000000008 0.4234375 0.2765625000000001 0.5015625 0.2765625000000001
1 0.771875 0.10468750000000009 0.696875 0.10468750000000009 0.696875 0.1546875000000001 0.771875 0.1546875000000001
12 0.81875 0.03281250000000009 0.728125 0.03281250000000009 0.728125 0.0890625000000001 0.81875 0.08906250000000011
29 0.5953125 0.035937500000000074 0.5359375 0.03593750000000007 0.5359375 0.06093750000000007 0.5953125 0.06093750000000007
20 0.55625 0.06718750000000007 0.5 0.06718750000000007 0.5 0.10312500000000006 0.55625 0.10312500000000009
15 0.5078125 0.03750000000000006 0.4546875 0.037500000000000054 0.4546875 0.07031250000000007 0.5078125 0.07031250000000007