10 0.746875 0.5093750000000001 0.684375 0.509375 0.684375 0.6156250000000001 0.746875 0.6156250000000002
37 0.6984375 0.459375 0.6640625 0.459375 0.6640625 0.525 0.6984375 0.525
28 0.621875 0.478125 0.590625 0.478125 0.590625 0.571875 0.621875 0.571875
7 0.5890625 0.4578125 0.5578125 0.4578125 0.5578125 0.5328125 0.5890625 0.5328125
13 0.4453125 0.5328125 0.3937500000000001 0.5328125 0.3937500000000001 0.6109375 0.4453125 0.6109375
30 0.521875 0.2015625000000001 0.496875 0.2015625000000001 0.496875 0.2640625000000001 0.521875 0.2640625000000001
1 0.90625 0.6875000000000002 0.8609375 0.6875000000000002 0.8609375 0.7734375000000002 0.90625 0.7734375000000002
12 0.959375 0.7343750000000002 0.915625 0.7343750000000002 0.915625 0.8171875 0.959375 0.8171875
11 0.878125 0.3421875000000001 0.8515625 0.3421875000000001 0.8515625 0.3984375000000001 0.878125 0.3984375000000001
29 0.98125 0.5265625000000002 0.953125 0.5265625000000002 0.953125 0.6000000000000002 0.98125 0.6000000000000002
15 0.9515625 0.4812500000000002 0.9234375 0.4812500000000002 0.9234375 0.5531250000000002 0.9515625 0.5531250000000002