12 0.0812500000000001 0.7203125 0.04375000000000009 0.7203125 0.043750000000000094 0.8296875 0.08125000000000011 0.8296875
1 0.14218750000000008 0.6609375 0.0906250000000001 0.6609375 0.0906250000000001 0.8078125 0.14218750000000008 0.8078125
29 0.045312500000000075 0.5203125 0.014062500000000061 0.5203125 0.01406250000000007 0.6140625 0.045312500000000075 0.6140625
15 0.07187500000000006 0.471875 0.04218750000000006 0.471875 0.04218750000000006 0.565625 0.07187500000000006 0.565625
20 0.11562500000000005 0.415625 0.08281250000000004 0.415625 0.08281250000000005 0.4953125 0.11562500000000005 0.4953125
37 0.28593750000000007 0.409375 0.2406250000000001 0.409375 0.2406250000000001 0.49375 0.28593750000000007 0.49375
38 0.3531250000000001 0.3890625 0.3156250000000001 0.3890625 0.3156250000000001 0.45625 0.3531250000000001 0.45625
7 0.4515625 0.446875 0.415625 0.446875 0.415625 0.5328125 0.4515625 0.5328125
34 0.4734375 0.3500000000000001 0.425 0.3500000000000001 0.425 0.4390625 0.4734375 0.4390625
28 0.409375 0.4640625 0.3750000000000001 0.4640625 0.3750000000000001 0.5765625 0.409375 0.5765625
10 0.6375 0.59375 0.5703125 0.59375 0.5703125 0.7 0.6375 0.7
13 0.60625 0.4953125 0.5515625 0.4953125 0.5515625 0.5875 0.60625 0.5875
35 0.53125 0.55625 0.4890625 0.55625 0.4890625 0.671875 0.53125 0.671875
0 0.3140625 0.18281250000000004 0.2796875 0.18281250000000004 0.2796875 0.2484375 0.3140625 0.2484375
30 0.5109375 0.2015625000000001 0.4765625 0.2015625000000001 0.4765625 0.2750000000000001 0.5109375 0.2750000000000001