30 0.2453125000000001 0.5046875 0.19843750000000004 0.5046875 0.19843750000000004 0.5265625 0.2453125000000001 0.5265625
34 0.3031250000000001 0.5765625 0.2406250000000001 0.5765625 0.2406250000000001 0.603125 0.3031250000000001 0.603125
38 0.4312500000000002 0.728125 0.3609375000000001 0.728125 0.3609375000000001 0.765625 0.4312500000000002 0.765625
37 0.525 0.6640625 0.471875 0.6640625 0.471875 0.696875 0.525 0.696875
0 0.21250000000000008 0.6765625 0.1750000000000001 0.6765625 0.1750000000000001 0.6953125 0.21250000000000008 0.6953125
13 0.6125 0.3921875000000001 0.528125 0.3921875000000001 0.528125 0.4359375 0.6125 0.4359375
28 0.5640625 0.5890625 0.4765625 0.5890625 0.4765625 0.6234375 0.5640625 0.6234375
7 0.534375 0.5609375 0.4625 0.5609375 0.4625 0.590625 0.534375 0.590625
20 0.5062500000000002 0.8765625 0.4437500000000002 0.8765625 0.4437500000000002 0.9046875 0.5062500000000002 0.9046875
29 0.5921875000000002 0.953125 0.5296875000000002 0.953125 0.5296875000000002 0.9859375 0.5921875000000002 0.9859375
15 0.5437500000000002 0.928125 0.4812500000000002 0.928125 0.4812500000000002 0.959375 0.5437500000000002 0.959375
1 0.7781250000000002 0.8625 0.6937500000000002 0.8625 0.6937500000000002 0.90625 0.7781250000000002 0.90625
12 0.8140625 0.9140625 0.7328125000000002 0.9140625 0.7328125000000002 0.9515625 0.8140625 0.9515625