10 0.4328125 0.2796875000000001 0.3796875 0.2796875000000001 0.37968750000000007 0.37968750000000007 0.4328125 0.37968750000000007
35 0.525 0.3265625000000001 0.478125 0.3265625000000001 0.478125 0.4109375 0.525 0.4109375
13 0.459375 0.403125 0.425 0.403125 0.425 0.50625 0.459375 0.50625
28 0.6265625 0.434375 0.5953125 0.434375 0.5953125 0.534375 0.6265625 0.534375
7 0.590625 0.46875 0.565625 0.46875 0.565625 0.54375 0.590625 0.54375
34 0.56875 0.5453125 0.528125 0.5453125 0.528125 0.5984375 0.56875 0.5984375
38 0.68125 0.546875 0.640625 0.546875 0.640625 0.6171875 0.68125 0.6171875
37 0.7484375 0.5250000000000001 0.7171875 0.525 0.7171875 0.58125 0.7484375 0.5812500000000002
0 0.7140625000000002 0.775 0.6921875000000002 0.775 0.6921875000000002 0.8375 0.7140625000000002 0.8375
12 0.95 0.16562500000000013 0.91875 0.16562500000000013 0.91875 0.2796875000000001 0.95 0.2796875000000001
1 0.9078125 0.2140625000000001 0.8453125 0.2140625000000001 0.8453125 0.2984375000000001 0.9078125 0.2984375000000001
29 0.9828125 0.3906250000000001 0.9546875 0.3906250000000001 0.9546875 0.4937500000000002 0.9828125 0.4937500000000002
15 0.9671875 0.45312500000000017 0.9234375 0.45312500000000017 0.9234375 0.5421875000000002 0.9671875 0.5421875000000002
20 0.921875 0.5125000000000002 0.8890625 0.5125000000000002 0.8890625 0.5687500000000002 0.921875 0.5687500000000002