30 0.5265625000000002 0.75 0.5015625000000001 0.75 0.5015625000000001 0.8078125 0.5265625000000002 0.8078125
38 0.4421875 0.17187500000000006 0.3890625 0.17187500000000006 0.3890625 0.29375000000000007 0.4421875 0.29375000000000007
34 0.534375 0.2062500000000001 0.48125 0.2062500000000001 0.48125 0.3500000000000001 0.534375 0.3500000000000001
13 0.440625 0.3890625000000001 0.40625 0.3890625000000001 0.40625 0.4671875 0.440625 0.4671875
35 0.515625 0.3546875000000001 0.471875 0.3546875000000001 0.471875 0.4421875 0.515625 0.4421875
28 0.6328125 0.4421875 0.596875 0.4421875 0.596875 0.5234375 0.6328125 0.5234375
7 0.59375 0.471875 0.5625 0.471875 0.5625 0.5484375 0.59375 0.5484375
37 0.7734375 0.4984375000000001 0.7234375 0.4984375 0.7234375 0.5765625000000001 0.7734375 0.5765625000000002
1 0.8953125 0.22812500000000008 0.8453125 0.22812500000000008 0.8453125 0.3046875000000001 0.8953125 0.3046875000000001
12 0.96875 0.18125000000000013 0.9125 0.18125000000000013 0.9125 0.2718750000000001 0.96875 0.2718750000000001
29 0.965625 0.40625000000000017 0.940625 0.40625000000000017 0.940625 0.4656250000000002 0.965625 0.4656250000000002
20 0.934375 0.44531250000000017 0.8984375 0.44531250000000017 0.8984375 0.5015625000000001 0.934375 0.5015625000000001
15 0.9625 0.49218750000000017 0.9296875 0.49218750000000017 0.9296875 0.5453125000000002 0.9625 0.5453125000000002