10 0.7203125 0.37968750000000007 0.6203125 0.37968750000000007 0.6203125 0.4328125 0.7203125 0.4328125
35 0.6734375 0.478125 0.5890625 0.478125 0.5890625 0.525 0.6734375 0.525
13 0.596875 0.425 0.49375 0.425 0.49375 0.459375 0.596875 0.459375
28 0.565625 0.5953125 0.465625 0.5953125 0.465625 0.6265625 0.565625 0.6265625
7 0.5328125 0.565625 0.4578125 0.565625 0.4578125 0.590625 0.5328125 0.590625
34 0.4546875 0.528125 0.4015625 0.528125 0.4015625 0.56875 0.4546875 0.56875
38 0.453125 0.640625 0.3828125000000001 0.640625 0.3828125000000001 0.68125 0.453125 0.68125
37 0.4765625000000001 0.7171875 0.4203125 0.7171875 0.4203125000000001 0.7484375 0.47656250000000017 0.7484375
0 0.2250000000000001 0.6921875 0.1625000000000001 0.6921875 0.1625000000000001 0.7140625 0.2250000000000001 0.7140625
12 0.834375 0.91875 0.7203125000000001 0.91875 0.7203125000000001 0.95 0.834375 0.95
1 0.7859375000000002 0.8453125 0.7015625000000002 0.8453125 0.7015625000000002 0.9078125 0.7859375000000002 0.9078125
29 0.6109375000000001 0.9546875 0.5078125000000002 0.9546875 0.5078125000000002 0.9828125 0.6109375000000001 0.9828125
15 0.5484375000000001 0.9234375 0.4593750000000002 0.9234375 0.4593750000000002 0.9671875 0.5484375000000001 0.9671875
20 0.48750000000000016 0.8890625 0.4312500000000002 0.8890625 0.4312500000000002 0.921875 0.48750000000000016 0.921875