14 0.9203125 0.4781250000000002 0.8484375 0.4781250000000002 0.8484375 0.5750000000000002 0.9203125 0.5750000000000002
2 0.8453125 0.4968750000000002 0.7796875 0.4968750000000002 0.7796875 0.5843750000000002 0.8453125 0.5843750000000002
25 0.7375 0.5109375 0.6765625 0.5109375 0.6765625 0.6187500000000001 0.7375 0.6187500000000001
4 0.6671875 0.496875 0.628125 0.496875 0.628125 0.584375 0.6671875 0.584375
22 0.528125 0.5546875 0.4875 0.5546875 0.4875 0.6296875 0.528125 0.6296875
21 0.46875 0.534375 0.44375 0.534375 0.44375 0.61875 0.46875 0.61875
16 0.44375 0.5234375 0.38750000000000007 0.5234375 0.38750000000000007 0.6203125 0.44375 0.6203125
6 0.3546875000000001 0.5234375 0.30156250000000007 0.5234375 0.30156250000000007 0.6078125 0.3546875000000001 0.6078125
33 0.3000000000000001 0.5640625 0.2609375000000001 0.5640625 0.2609375000000001 0.65625 0.3000000000000001 0.65625
8 0.2328125000000001 0.553125 0.18750000000000008 0.553125 0.18750000000000008 0.659375 0.2328125000000001 0.659375
0 0.16093750000000007 0.53125 0.08593750000000007 0.53125 0.08593750000000008 0.646875 0.1609375000000001 0.646875