5 0.7343750000000002 0.821875 0.5968750000000002 0.821875 0.5968750000000002 0.90625 0.7343750000000002 0.90625
22 0.6781250000000002 0.7421875 0.5500000000000002 0.7421875 0.5500000000000002 0.7984375 0.6781250000000002 0.7984375
8 0.6781250000000001 0.6734375 0.546875 0.6734375 0.5468750000000001 0.7296875 0.6781250000000002 0.7296875
25 0.675 0.6046875 0.55625 0.6046875 0.55625 0.6671875 0.675 0.6671875
2 0.6921875 0.5234375 0.5796875 0.5234375 0.5796875 0.5875 0.6921875 0.5875
2 0.684375 0.534375 0.59375 0.534375 0.59375 0.5859375 0.684375 0.5859375
14 0.7078125 0.45625 0.615625 0.45625 0.615625 0.503125 0.7078125 0.503125
16 0.6921875 0.3843750000000001 0.5859375 0.3843750000000001 0.5859375 0.434375 0.6921875 0.434375
6 0.725 0.2843750000000001 0.6125 0.2843750000000001 0.6125 0.3468750000000001 0.725 0.3468750000000001
25 0.675 0.1828125000000001 0.5625 0.1828125000000001 0.5625 0.2750000000000001 0.675 0.2750000000000001
21 0.725 0.1140625000000001 0.609375 0.1140625000000001 0.609375 0.1703125000000001 0.725 0.1703125000000001