0 0.03437500000000006 0.41875 5.128208471429541e-17 0.41875 5.893612720896637e-17 0.54375 0.034375000000000065 0.54375
5 0.16093750000000004 0.4015625 0.09375000000000004 0.4015625 0.09375000000000006 0.50625 0.16093750000000004 0.50625
22 0.2593750000000001 0.4640625 0.2015625000000001 0.4640625 0.2015625000000001 0.5484375 0.2593750000000001 0.5484375
8 0.3203125000000001 0.4671875 0.2765625000000001 0.4671875 0.2765625000000001 0.5453125 0.3203125000000001 0.5453125
25 0.3750000000000001 0.44375 0.3265625000000001 0.44375 0.3265625000000001 0.5203125 0.3750000000000001 0.5203125
2 0.4453125 0.421875 0.403125 0.421875 0.403125 0.484375 0.4453125 0.484375
14 0.5171875 0.4046875 0.4796875 0.4046875 0.4796875 0.46875 0.5171875 0.46875
16 0.5984375 0.4125 0.55625 0.4125 0.55625 0.4828125 0.5984375 0.4828125
6 0.68125 0.3859375000000001 0.6296875 0.3859375000000001 0.6296875 0.4703125 0.68125 0.4703125
33 0.7625 0.4328125000000001 0.709375 0.4328125 0.709375 0.5218750000000001 0.7625 0.5218750000000002
21 0.846875 0.3937500000000001 0.78125 0.3937500000000001 0.78125 0.47968750000000016 0.846875 0.47968750000000016