5 0.17968750000000006 0.265625 0.09531250000000002 0.265625 0.09531250000000004 0.4046875 0.17968750000000006 0.4046875
22 0.25781250000000006 0.321875 0.2015625 0.321875 0.20156250000000003 0.45 0.2578125000000001 0.45
8 0.32812500000000006 0.321875 0.2703125 0.321875 0.27031250000000007 0.453125 0.3281250000000001 0.453125
25 0.39531250000000007 0.32500000000000007 0.3328125 0.325 0.33281250000000007 0.44375 0.39531250000000007 0.44375
2 0.4765625 0.3078125000000001 0.4125 0.3078125000000001 0.4125 0.421875 0.4765625 0.421875
2 0.4671875 0.3156250000000001 0.415625 0.3156250000000001 0.415625 0.40625 0.4671875 0.40625
14 0.54375 0.2921875000000001 0.496875 0.2921875000000001 0.496875 0.3843750000000001 0.54375 0.3843750000000001
16 0.6171875 0.30937500000000007 0.565625 0.30937500000000007 0.565625 0.415625 0.6171875 0.415625
6 0.715625 0.2750000000000001 0.653125 0.2750000000000001 0.653125 0.3890625000000001 0.715625 0.3890625000000001
25 0.8171875 0.32500000000000007 0.725 0.32500000000000007 0.725 0.4375000000000001 0.8171875 0.43750000000000017
21 0.8859375 0.2750000000000001 0.8296875 0.2750000000000001 0.8296875 0.3906250000000001 0.8859375 0.3906250000000001