14 0.15156250000000007 0.478125 0.07968750000000006 0.478125 0.07968750000000006 0.575 0.1515625000000001 0.575
2 0.22031250000000008 0.496875 0.15468750000000003 0.496875 0.15468750000000006 0.584375 0.22031250000000008 0.584375
25 0.32500000000000007 0.5109375 0.2640625000000001 0.5109375 0.2640625000000001 0.61875 0.32500000000000007 0.61875
4 0.3734375000000001 0.496875 0.3343750000000001 0.496875 0.3343750000000001 0.584375 0.3734375000000001 0.584375
22 0.5125 0.553125 0.471875 0.553125 0.471875 0.6296875 0.5125 0.6296875
21 0.5578125 0.534375 0.53125 0.534375 0.53125 0.61875 0.5578125 0.61875
16 0.6125 0.5234375 0.55625 0.5234375 0.55625 0.6203125 0.6125 0.6203125
6 0.6984375 0.5234375 0.6453125 0.5234375 0.6453125 0.6078125 0.6984375 0.6078125
33 0.7390625 0.5640625000000001 0.7 0.5640625 0.7 0.6562500000000001 0.7390625 0.6562500000000002
8 0.8125 0.5531250000000002 0.7671875 0.5531250000000002 0.7671875 0.6593750000000002 0.8125 0.6593750000000002
0 0.9140625 0.5296875000000002 0.8390625 0.5296875000000002 0.8390625 0.6468750000000002 0.9140625 0.6468750000000002