0 0.03437500000000006 0.45625 5.587451021109799e-17 0.45625 6.352855270576895e-17 0.58125 0.034375000000000065 0.58125
5 0.16093750000000007 0.4953125 0.09531250000000006 0.4953125 0.09531250000000006 0.5984375 0.1609375000000001 0.5984375
22 0.2609375000000001 0.4515625 0.2015625000000001 0.4515625 0.2015625000000001 0.5359375 0.2609375000000001 0.5359375
8 0.3203125000000001 0.4546875 0.2765625000000001 0.4546875 0.2765625000000001 0.5328125 0.3203125000000001 0.5328125
25 0.3750000000000001 0.48125 0.3265625000000001 0.48125 0.3265625000000001 0.55625 0.3750000000000001 0.55625
2 0.4453125 0.515625 0.4046875 0.515625 0.4046875 0.578125 0.4453125 0.578125
14 0.5171875 0.5328125 0.4796875 0.5328125 0.4796875 0.5953125 0.5171875 0.5953125
16 0.5984375 0.51875 0.55625 0.51875 0.55625 0.5890625 0.5984375 0.5890625
6 0.68125 0.5296875 0.63125 0.5296875 0.63125 0.6140625 0.68125 0.6140625
33 0.7625 0.4796875000000001 0.709375 0.4796875 0.709375 0.5671875000000001 0.7625 0.5671875000000002
21 0.846875 0.5218750000000002 0.78125 0.5218750000000002 0.78125 0.6062500000000002 0.846875 0.6062500000000002