0 0.06875000000000006 0.3953125 0.006250000000000047 0.3953125 0.006250000000000057 0.5390625 0.06875000000000006 0.5390625
5 0.18906250000000005 0.375 0.10937500000000004 0.375 0.10937500000000004 0.53125 0.18906250000000005 0.53125
22 0.28593750000000007 0.428125 0.2015625000000001 0.428125 0.2015625000000001 0.5578125 0.28593750000000007 0.5578125
8 0.3453125000000001 0.4546875 0.2968750000000001 0.4546875 0.2968750000000001 0.534375 0.3453125000000001 0.534375
25 0.3968750000000001 0.434375 0.3437500000000001 0.434375 0.3437500000000001 0.528125 0.3968750000000001 0.528125
2 0.4703125 0.3984375000000001 0.4078125 0.3984375000000001 0.4078125 0.5125 0.4703125 0.5125
14 0.553125 0.38750000000000007 0.496875 0.38750000000000007 0.496875 0.490625 0.553125 0.490625
16 0.61875 0.38750000000000007 0.571875 0.38750000000000007 0.571875 0.4921875 0.61875 0.4921875
6 0.7109375 0.3593750000000001 0.6453125 0.3593750000000001 0.6453125 0.4734375 0.7109375 0.4734375
33 0.7859375 0.41406250000000017 0.734375 0.41406250000000017 0.734375 0.5359375000000002 0.7859375 0.5359375000000002
21 0.86875 0.3812500000000001 0.809375 0.3812500000000001 0.809375 0.4968750000000002 0.86875 0.4968750000000002