19 0.5531250000000002 0.846875 0.4421875000000002 0.846875 0.4421875000000002 0.915625 0.5531250000000002 0.915625
2 0.5328125000000001 0.775 0.4265625000000002 0.775 0.4265625000000002 0.821875 0.5328125000000001 0.821875
25 0.4796875 0.675 0.4140625 0.675 0.4140625 0.721875 0.4796875 0.721875
5 0.5140625 0.6234375 0.4359375 0.6234375 0.4359375 0.6671875 0.5140625 0.6671875
5 0.4828125 0.58125 0.4578125 0.58125 0.4578125 0.6046875 0.4828125 0.6046875
22 0.453125 0.4875 0.38750000000000007 0.4875 0.38750000000000007 0.51875 0.453125 0.51875
21 0.4765625 0.4390625 0.3984375000000001 0.4390625 0.3984375000000001 0.4765625 0.4765625 0.4765625
16 0.4796875 0.3859375000000001 0.4015625 0.3859375000000001 0.4015625 0.4171875 0.4796875 0.4171875
6 0.484375 0.30937500000000007 0.409375 0.30937500000000007 0.409375 0.3656250000000001 0.484375 0.3656250000000001
33 0.4203125 0.25312500000000004 0.3390625 0.253125 0.3390625 0.29375000000000007 0.4203125 0.29375000000000007
8 0.45 0.17343750000000005 0.359375 0.17343750000000005 0.359375 0.22968750000000004 0.45 0.2296875000000001
0 0.4640625 0.09375000000000006 0.3734375 0.09375000000000004 0.3734375 0.14375000000000004 0.4640625 0.14375000000000004