33 0.4078125000000001 0.5953125 0.2453125000000001 0.5953125 0.2453125000000001 0.8875 0.4078125000000002 0.8875
14 0.7250000000000001 0.4453125 0.4609375 0.4453125 0.4609375000000001 0.9828125 0.7250000000000002 0.9828125
5 0.35625000000000007 0.221875 0.2125 0.221875 0.21250000000000005 0.4625 0.35625000000000007 0.4625
0 0.6484375 0.17968750000000008 0.5875 0.17968750000000008 0.5875 0.3062500000000001 0.6484375 0.3062500000000001
25 0.3953125 0.17500000000000004 0.3375 0.17500000000000004 0.3375 0.25625000000000003 0.3953125 0.2562500000000001
2 0.4171875 0.14843750000000006 0.384375 0.14843750000000006 0.384375 0.2250000000000001 0.4171875 0.2250000000000001
6 0.5703125 0.16250000000000006 0.50625 0.16250000000000003 0.50625 0.2687500000000001 0.5703125 0.2687500000000001
16 0.6046875 0.10156250000000008 0.5578125 0.10156250000000008 0.5578125 0.1843750000000001 0.6046875 0.1843750000000001
22 0.5609375 0.10781250000000006 0.5328125 0.10781250000000005 0.5328125 0.16406250000000006 0.5609375 0.16406250000000008
31 0.521875 0.08125000000000007 0.4984375 0.08125000000000007 0.4984375 0.12812500000000004 0.521875 0.12812500000000004
15 0.603125 0.05156250000000007 0.584375 0.05156250000000007 0.584375 0.07812500000000007 0.603125 0.07812500000000007
13 0.334375 0.10781250000000005 0.3125 0.10781250000000005 0.3125 0.14531250000000004 0.334375 0.14531250000000004