19 0.15468750000000006 0.4484375 0.08593750000000004 0.4484375 0.08593750000000006 0.559375 0.1546875000000001 0.559375
2 0.22656250000000008 0.4671875 0.17968750000000006 0.4671875 0.17968750000000006 0.5734375 0.22656250000000008 0.5734375
25 0.3265625000000001 0.521875 0.2796875000000001 0.521875 0.2796875000000001 0.5875 0.3265625000000001 0.5875
5 0.3765625000000001 0.4875 0.33281250000000007 0.4875 0.33281250000000007 0.565625 0.3765625000000001 0.565625
5 0.41875 0.5171875 0.39531250000000007 0.5171875 0.39531250000000007 0.5421875 0.41875 0.5421875
22 0.5140625 0.5484375 0.4828125 0.5484375 0.4828125 0.6140625 0.5140625 0.6140625
21 0.5609375 0.525 0.5234375 0.525 0.5234375 0.603125 0.5609375 0.603125
16 0.615625 0.5203125 0.584375 0.5203125 0.584375 0.5984375 0.615625 0.5984375
6 0.6921875 0.5171875 0.6359375 0.5171875 0.6359375 0.5921875 0.6921875 0.5921875
33 0.7484375 0.58125 0.7078125 0.58125 0.7078125 0.6625000000000001 0.7484375 0.6625000000000002
8 0.8265625 0.5500000000000002 0.7703125 0.5500000000000002 0.7703125 0.6406250000000002 0.8265625 0.6406250000000002
0 0.90625 0.5375000000000002 0.85625 0.5375000000000002 0.85625 0.6281250000000002 0.90625 0.6281250000000002