0 0.9953125 0.4625000000000002 0.9328125 0.4625000000000002 0.9328125 0.6062500000000002 0.9953125 0.6062500000000002
5 0.890625 0.46875000000000017 0.8125 0.46875000000000017 0.8125 0.6265625000000001 0.890625 0.6265625000000001
22 0.7984375 0.44218750000000007 0.7140625 0.4421875 0.7140625 0.5734375 0.7984375 0.5734375000000002
8 0.7046875 0.4671875 0.65625 0.4671875 0.65625 0.546875 0.7046875 0.546875
25 0.65625 0.471875 0.603125 0.471875 0.603125 0.565625 0.65625 0.565625
2 0.5921875 0.4890625 0.5296875 0.4890625 0.5296875 0.603125 0.5921875 0.603125
14 0.503125 0.509375 0.446875 0.509375 0.446875 0.6125 0.503125 0.6125
16 0.428125 0.509375 0.3812500000000001 0.509375 0.3812500000000001 0.6125 0.428125 0.6125
6 0.3546875000000001 0.528125 0.2890625000000001 0.528125 0.2890625000000001 0.6421875 0.3546875000000001 0.6421875
33 0.2656250000000001 0.4640625 0.2156250000000001 0.4640625 0.2156250000000001 0.5859375 0.2656250000000001 0.5859375
21 0.19062500000000007 0.503125 0.13125000000000003 0.503125 0.13125000000000006 0.61875 0.1906250000000001 0.61875