14 0.9125 0.4828125000000002 0.8703125 0.4828125000000002 0.8703125 0.5656250000000002 0.9125 0.5656250000000002
2 0.8234375 0.5015625000000001 0.784375 0.5015625000000001 0.784375 0.5750000000000002 0.8234375 0.5750000000000002
25 0.7234375 0.528125 0.6828125 0.528125 0.6828125 0.5859375 0.7234375 0.5859375
5 0.675 0.5078125 0.6328125 0.5078125 0.6328125 0.56875 0.675 0.56875
22 0.525 0.5515625 0.4875 0.5515625 0.4875 0.6046875 0.525 0.6046875
21 0.478125 0.540625 0.4421875 0.540625 0.4421875 0.6015625 0.478125 0.6015625
16 0.425 0.53125 0.38750000000000007 0.53125 0.38750000000000007 0.60625 0.425 0.60625
6 0.3609375000000001 0.5296875 0.3109375000000001 0.5296875 0.3109375000000001 0.5953125 0.3609375000000001 0.5953125
33 0.3031250000000001 0.5703125 0.2593750000000001 0.5703125 0.2593750000000001 0.6453125 0.3031250000000001 0.6453125
8 0.22812500000000008 0.571875 0.1859375000000001 0.571875 0.1859375000000001 0.6375 0.22812500000000008 0.6375
0 0.15156250000000007 0.54375 0.09843750000000007 0.54375 0.09843750000000007 0.625 0.1515625000000001 0.625