5 0.734375 0.09531250000000008 0.596875 0.09531250000000006 0.596875 0.17968750000000008 0.734375 0.17968750000000008
22 0.678125 0.2015625000000001 0.55 0.2015625000000001 0.55 0.2578125000000001 0.678125 0.2578125000000001
8 0.678125 0.2718750000000001 0.546875 0.2718750000000001 0.546875 0.3281250000000001 0.678125 0.3281250000000001
25 0.675 0.33281250000000007 0.55625 0.33281250000000007 0.55625 0.39531250000000007 0.675 0.39531250000000007
2 0.6921875 0.4125 0.5796875 0.4125 0.5796875 0.4765625 0.6921875 0.4765625
2 0.684375 0.415625 0.59375 0.415625 0.59375 0.4671875 0.684375 0.4671875
14 0.7078125 0.496875 0.615625 0.496875 0.615625 0.54375 0.7078125 0.54375
16 0.6921875 0.5671875 0.5859375 0.5671875 0.5859375 0.6171875 0.6921875 0.6171875
6 0.725 0.653125 0.6125 0.653125 0.6125 0.715625 0.725 0.715625
25 0.675 0.725 0.5625 0.725 0.5625000000000001 0.8171875 0.6750000000000002 0.8171875
21 0.7250000000000002 0.8296875 0.6093750000000002 0.8296875 0.6093750000000002 0.8875 0.7250000000000002 0.8875