33 0.8875 0.5921875000000001 0.5953125 0.5921875 0.5953125000000001 0.7546875000000001 0.8875 0.7546875000000002
14 0.9828125 0.2765625000000001 0.4453125 0.2765625000000001 0.4453125 0.5406250000000001 0.9828125 0.5406250000000001
5 0.4625000000000001 0.64375 0.2218750000000001 0.64375 0.2218750000000001 0.7875 0.4625000000000002 0.7875
0 0.30625 0.353125 0.17968750000000006 0.353125 0.17968750000000006 0.4140625 0.3062500000000001 0.4140625
25 0.2562500000000001 0.60625 0.1750000000000001 0.60625 0.1750000000000001 0.6625 0.2562500000000001 0.6625
2 0.2250000000000001 0.584375 0.14843750000000008 0.584375 0.14843750000000008 0.6171875 0.2250000000000001 0.6171875
6 0.2687500000000001 0.4296875 0.16250000000000003 0.4296875 0.16250000000000003 0.4953125 0.2687500000000001 0.4953125
16 0.18593750000000003 0.396875 0.10156250000000004 0.396875 0.10156250000000004 0.44375 0.18593750000000003 0.44375
22 0.16406250000000006 0.4390625 0.10781250000000005 0.4390625 0.10781250000000005 0.4671875 0.16406250000000006 0.4671875
31 0.12812500000000004 0.4796875 0.08125000000000007 0.4796875 0.08125000000000007 0.503125 0.12812500000000004 0.503125
15 0.07812500000000004 0.3984375 0.05312500000000005 0.3984375 0.05312500000000005 0.4171875 0.07812500000000004 0.4171875
13 0.1453125000000001 0.665625 0.10781250000000009 0.665625 0.10781250000000009 0.6890625 0.1453125000000001 0.6890625