0 0.54375 5.893612720896637e-17 0.41875 5.128208471429541e-17 0.41875 0.03437500000000006 0.54375 0.034375000000000065
5 0.50625 0.09531250000000005 0.403125 0.09531250000000005 0.403125 0.16093750000000004 0.50625 0.16093750000000004
22 0.5484375 0.2015625000000001 0.4640625 0.2015625000000001 0.4640625 0.2609375000000001 0.5484375 0.2609375000000001
8 0.5453125 0.2765625000000001 0.4671875 0.2765625000000001 0.4671875 0.3203125000000001 0.5453125 0.3203125000000001
25 0.5203125 0.3265625000000001 0.4453125 0.3265625000000001 0.4453125 0.3750000000000001 0.5203125 0.3750000000000001
2 0.484375 0.4046875 0.421875 0.4046875 0.421875 0.4453125 0.484375 0.4453125
14 0.46875 0.4796875 0.40625 0.4796875 0.40625 0.5171875 0.46875 0.5171875
16 0.4828125 0.55625 0.4125 0.55625 0.4125 0.5984375 0.4828125 0.5984375
6 0.4703125 0.63125 0.3859375000000001 0.63125 0.3859375000000001 0.68125 0.4703125 0.68125
33 0.5218750000000001 0.709375 0.434375 0.709375 0.43437500000000007 0.7625 0.5218750000000002 0.7625
21 0.47968750000000016 0.78125 0.39531250000000007 0.78125 0.39531250000000007 0.846875 0.47968750000000016 0.846875