14 0.5187500000000002 0.8703125 0.4359375000000002 0.8703125 0.4359375000000002 0.9125 0.5187500000000002 0.9125
2 0.4984375000000002 0.784375 0.42500000000000016 0.784375 0.42500000000000016 0.8234375 0.4984375000000002 0.8234375
25 0.471875 0.6828125 0.4140625 0.6828125 0.4140625 0.7234375 0.471875 0.7234375
5 0.49375 0.6328125 0.4328125 0.6328125 0.4328125 0.675 0.49375 0.675
22 0.45 0.4875 0.3968750000000001 0.4875 0.3968750000000001 0.525 0.45 0.525
21 0.459375 0.4421875 0.3984375000000001 0.4421875 0.3984375000000001 0.478125 0.459375 0.478125
16 0.46875 0.38750000000000007 0.3937500000000001 0.38750000000000007 0.3937500000000001 0.425 0.46875 0.425
6 0.471875 0.3109375000000001 0.40625 0.3109375000000001 0.40625 0.3609375000000001 0.471875 0.3609375000000001
33 0.4296875 0.259375 0.3546875 0.259375 0.3546875 0.30312500000000003 0.4296875 0.3031250000000001
8 0.4296875 0.18593750000000003 0.3640625 0.18593750000000003 0.3640625 0.22812500000000008 0.4296875 0.22812500000000008
0 0.4578125 0.09843750000000005 0.3765625 0.09843750000000004 0.3765625 0.15156250000000004 0.4578125 0.15156250000000004