14 0.12968750000000007 0.4828125 0.08750000000000006 0.4828125 0.08750000000000006 0.565625 0.1296875000000001 0.565625
2 0.2171875000000001 0.5015625 0.17812500000000003 0.5015625 0.17812500000000006 0.575 0.2171875000000001 0.575
25 0.31718750000000007 0.528125 0.2765625000000001 0.528125 0.2765625000000001 0.5859375 0.31718750000000007 0.5859375
5 0.3671875000000001 0.5078125 0.32500000000000007 0.5078125 0.32500000000000007 0.56875 0.3671875000000001 0.56875
22 0.5125 0.5515625 0.475 0.5515625 0.475 0.603125 0.5125 0.603125
21 0.5578125 0.540625 0.521875 0.540625 0.521875 0.6015625 0.5578125 0.6015625
16 0.6125 0.53125 0.575 0.53125 0.575 0.60625 0.6125 0.60625
6 0.6890625 0.528125 0.640625 0.528125 0.640625 0.5953125 0.6890625 0.5953125
33 0.740625 0.5703125000000001 0.696875 0.5703125 0.696875 0.6453125000000001 0.740625 0.6453125000000002
8 0.8140625 0.5703125000000002 0.771875 0.5703125000000002 0.771875 0.6375000000000002 0.8140625 0.6375000000000002
0 0.9015625 0.5421875000000002 0.8484375 0.5421875000000002 0.8484375 0.6250000000000002 0.9015625 0.6250000000000002